0
3.59654e-07
1.43272e-06
3.20145e-06
5.63641e-06
8.69675e-06
1.23306e-05
1.64755e-05
2.10591e-05
2.59999e-05
3.12078e-05
3.65853e-05
4.20282e-05
4.74265e-05
5.26661e-05
5.76292e-05
6.21957e-05
6.62448e-05
6.96557e-05
7.23089e-05
7.40878e-05
7.48794e-05
7.4576e-05
7.30759e-05
7.02847e-05
6.61166e-05
6.04949e-05
5.33533e-05
4.46367e-05
3.43018e-05
2.23178e-05
8.66708e-06
-6.65457e-06
-2.36374e-05
-4.22575e-05
-6.2477e-05
-8.42436e-05
-0.000107491
-0.000132139
-0.000158095
-0.000185252
-0.000213492
-0.000242684
-0.000272687
-0.00030335
-0.000334514
-0.000366011
-0.000397667
-0.000429302
-0.000460732
-0.000491772
-0.000522232
-0.000551925
-0.000580665
-0.000608266
-0.00063455
-0.000659341
-0.000682473
-0.000703784
-0.000723126
-0.000740357
-0.000755351
-0.000767991
-0.000778175
-0.000785815
-0.000790839
-0.000793189
-0.000792825
-0.000789722
-0.000783874
-0.000775288
-0.000763992
-0.000750029
-0.000733459
-0.000714358
-0.000692816
-0.000668942
-0.000642856
-0.000614692
-0.000584597
-0.000552732
-0.000519263
-0.00048437
-0.000448239
-0.000411063
-0.00037304
-0.000334372
-0.000295264
-0.000255922
-0.00021655
-0.000177352
-0.000138529
-0.000100276
-6.27813e-05
-2.62289e-05
9.20792e-06
4.33649e-05
7.60883e-05
0.000107236
0.00013668
0.000164302
0.000190002
0.000213691
0.000235297
0.000254764
0.000272048
0.000287125
0.000299983
0.000310627
0.000319078
0.00032537
0.000329551
0.000331683
0.000331843
0.000330115
0.0003266
0.000321404
0.000314644
0.000306446
0.00029694
0.000286264
0.000274558
0.000261968
0.000248637
0.000234712
0.000220338
0.000205658
0.00019081
0.00017593
0.000161147
0.000146582
0.000132351
0.000118558
0.000105301
9.26651e-05
8.07255e-05
6.95463e-05
5.91794e-05
4.96649e-05
4.10304e-05
3.32915e-05
2.64511e-05
2.05002e-05
1.54179e-05
1.11719e-05
7.71861e-06
5.00435e-06
2.96557e-06
1.52978e-06
6.16435e-07
1.37798e-07
