#	x_axis	y_axis
	 0	0.470686
	 1	0.264572
	 2	0.803292
	 3	0.160235
	 4	0.810802
	 5	0.702104
	 6	0.176756
	 7	-0.448273
	 8	0.683612
	 9	-0.143817
	 10	-1.0762
	 11	-0.898288
	 12	-1.03092
	 13	0.635861
	 14	-1.70398
	 15	-0.119849
	 16	-0.295348
	 17	-0.198457
	 18	0.297462
	 19	-4.37465
	 20	-0.424941
	 21	0.725436
	 22	0.407457
	 23	0.503866
	 24	-0.464673
	 25	-0.347587
	 26	-0.137704
	 27	0.842039
	 28	-1.16637
	 29	-0.459199
	 30	-0.133041
	 31	-0.943396
	 32	-0.955086
	 33	-0.300237
	 34	-1.17695
	 35	-0.0355467
	 36	1.85115
	 37	-0.517742
	 38	0.361685
	 39	0.809796
	 40	1.55314
	 41	0.903426
	 42	0.777261
	 43	-6.55463
	 44	-0.142854
	 45	0.314651
	 46	0.114524
	 47	-2.22382
	 48	-0.585236
	 49	-2.77045
	 50	-0.173656
	 51	-0.363249
	 52	-0.246214
	 53	-0.809706
	 54	-0.59952
	 55	1.90912
	 56	0.278857
	 57	0.341821
	 58	5.18339
	 59	0.0344261
	 60	-1.82303
	 61	-0.0549646
	 62	0.963069
	 63	0.51031
	 64	1.591
	 65	0.0977617
	 66	-0.488486
	 67	-0.80846
	 68	-0.42911
	 69	-0.82596
	 70	-0.423032
	 71	-0.950768
	 72	-0.995491
	 73	0.687379
	 74	0.789666
	 75	0.512827
	 76	-0.322939
	 77	-0.163458
	 78	0.191197
	 79	-1.86331
	 80	0.124733
	 81	0.628848
	 82	0.33402
	 83	0.908034
	 84	-0.0715501
	 85	1.10635
	 86	1.18306
	 87	0.839044
	 88	0.232259
	 89	-0.580587
	 90	-0.701196
	 91	-0.300479
	 92	-0.941542
	 93	-1.04484
	 94	-0.806945
	 95	0.767717
	 96	0.0488715
	 97	-0.069634
	 98	1.09751
	 99	0.829394
	 100	0.325601
	 101	0.213011
	 102	3.00465
	 103	0.239204
	 104	-0.233505
	 105	-0.739799
	 106	1.6796
	 107	-0.52821
	 108	-0.0750675
	 109	-0.0934987
	 110	-1.35466
	 111	-0.79796
	 112	-0.675425
	 113	-2.47368
	 114	-0.256541
	 115	-0.0262848
	 116	0.478184
	 117	-0.282527
	 118	-0.434682
	 119	1.88754
	 120	0.510678
	 121	0.6136
	 122	0.811167
	 123	1.38996
	 124	1.10587
	 125	0.17568
	 126	0.112938
	 127	0.916732
	 128	-0.127641
	 129	-1.24356
	 130	-2.4407
	 131	-0.221275
	 132	-0.390294
	 133	-0.985392
	 134	-1.91463
	 135	-0.351499
	 136	0.0104137
	 137	-0.392554
	 138	0.273058
	 139	1.20253
	 140	0.730933
	 141	1.40428
	 142	0.242559
	 143	0.625224
	 144	2.33546
	 145	1.60236
	 146	-0.415383
	 147	-0.75144
	 148	-0.575245
	 149	-1.12688
	 150	-0.171281
	 151	-0.698332
	 152	-0.212132
	 153	-0.629562
	 154	-1.40837
	 155	-0.288009
	 156	0.205483
	 157	-0.00984065
	 158	0.352102
	 159	0.515497
	 160	0.732405
	 161	1.34693
	 162	0.753964
	 163	0.398865
	 164	0.954887
	 165	0.798598
	 166	-0.33865
	 167	-0.855128
	 168	-0.843865
	 169	0.670612
	 170	-0.620908
	 171	-0.683477
	 172	-5.34239
	 173	-0.2795
	 174	0.826502
	 175	-0.460718
	 176	0.245704
	 177	1.09564
	 178	0.841466
	 179	0.618663
	 180	0.101148
	 181	2.32506
	 182	0.316573
	 183	0.395727
	 184	2.46375
	 185	-0.391871
	 186	-0.323865
	 187	-1.94012
	 188	0.134601
	 189	-2.25451
	 190	-0.249622
	 191	4.12239
	 192	-0.0416853
	 193	0.140602
	 194	-1.12452
	 195	0.0493942
	 196	1.75187
	 197	-0.366462
	 198	0.115281
	 199	2.12007
	 200	-0.474391
	 201	-0.262965
	 202	-0.680941
	 203	-0.708317
	 204	-3.29057
	 205	0.0354063
	 206	-0.545882
	 207	-0.930981
	 208	0.0977014
	 209	0.115563
	 210	0.8735
	 211	-0.185048
	 212	0.376023
	 213	-0.400768
	 214	-0.29092
	 215	0.437489
	 216	1.94785
	 217	0.192214
	 218	0.709067
	 219	1.24145
	 220	0.674011
	 221	0.234837
	 222	-1.0988
	 223	0.808993
	 224	0.208281
	 225	-0.214283
	 226	-0.734324
	 227	-0.7118
	 228	-0.167916
	 229	-0.418086
	 230	-0.545284
	 231	-1.00922
	 232	-0.743269
	 233	-0.543257
	 234	-0.786636
	 235	2.08911
	 236	-0.054854
	 237	0.052908
	 238	1.69056
	 239	0.641369
	 240	8.30978
	 241	0.0994693
	 242	0.647226
	 243	0.0828782
	 244	0.23768
	 245	0.359946
	 246	-1.14034
	 247	-0.364057
	 248	-0.504905
	 249	-0.994779
	 250	-1.15811
	 251	-1.31383
	 252	-1.3188
	 253	1.32581
	 254	0.0102665
	 255	0.354504
	 256	0.396466
	 257	1.00054
	 258	0.705176
	 259	0.3479
	 260	0.304642
	 261	1.23568
	 262	0.612709
	 263	-0.00877863
	 264	-1.29237
	 265	-0.453269
	 266	-0.978738
	 267	-0.726597
	 268	-0.852525
	 269	-1.02094
	 270	-0.456231
	 271	-3.62251
	 272	-0.312489
	 273	0.677315
	 274	1.5937
	 275	-0.0684348
	 276	-0.00666044
	 277	1.42073
	 278	0.16547
	 279	0.190108
	 280	1.39933
	 281	0.472759
	 282	0.626936
	 283	1.96323
	 284	0.77386
	 285	-1.70736
	 286	0.0031462
	 287	-1.10551
	 288	-1.00716
	 289	-0.309236
	 290	-1.39063
	 291	-0.447425
	 292	112.816
	 293	-0.0265921
	 294	-0.206443
	 295	1.50917
	 296	-0.214512
	 297	0.0863891
	 298	0.824514
	 299	0.629343
	 300	1.10593
	 301	0.126971
	 302	-0.611798
	 303	0.472538
	 304	0.748684
	 305	0.535578
	 306	-0.0582983
	 307	-0.776341
	 308	0.232335
	 309	-0.303822
	 310	-0.893219
	 311	0.854725
	 312	0.0652201
	 313	-0.664966
	 314	-0.577903
	 315	-1.99254
	 316	-0.307514
	 317	0.528706
	 318	-2.02192
	 319	-0.260353
	 320	0.491252
	 321	-2.41783
	 322	0.0346913
	 323	0.358897
	 324	0.151322
	 325	-1.33821
	 326	-0.610629
	 327	-1.43058
	 328	-2.98784
	 329	0.146415
	 330	2.70591
	 331	0.127172
	 332	-0.113282
	 333	0.602084
	 334	-0.194396
	 335	-0.695141
	 336	-0.718625
	 337	-0.627468
	 338	-0.965565
	 339	-0.703123
	 340	-1.54282
	 341	-0.309884
	 342	-0.687621
	 343	-0.175518
	 344	0.394893
	 345	0.504658
	 346	0.980289
	 347	0.801948
	 348	2.17163
	 349	0.444972
	 350	0.832561
	 351	1.49136
	 352	0.0703036
	 353	0.983706
	 354	0.323035
	 355	-0.981484
	 356	-0.645045
	 357	-0.982286
	 358	-1.159
	 359	-1.55706
	 360	-0.113471
	 361	0.178402
	 362	-1.10926
	 363	-0.155196
	 364	0.335836
	 365	0.39141
	 366	0.778095
	 367	0.325019
	 368	1.30925
	 369	-11.1789
	 370	-0.0144337
	 371	3.6873
	 372	0.965881
	 373	0.163299
	 374	0.848426
	 375	0.0638101
	 376	0.16557
	 377	0.292153
	 378	-0.668751
	 379	-1.0345
	 380	-0.904289
	 381	-1.34646
	 382	-0.174476
	 383	0.0430949
	 384	0.235171
	 385	-1.09441
	 386	0.244261
	 387	2.50823
	 388	-0.595683
	 389	0.15705
	 390	1.40029
	 391	0.391353
	 392	1.26596
	 393	0.148418
	 394	1.2752
	 395	-0.0375995
	 396	0.18601
	 397	0.761688
	 398	0.197022
	 399	-0.735485
	 400	-1.21731
	 401	-1.18116
	 402	-0.774988
	 403	-1.03376
	 404	-0.868395
	 405	-0.700974
	 406	-0.554744
	 407	1.13876
	 408	0.383093
	 409	-0.806094
	 410	1.04348
	 411	0.24351
	 412	1.44939
	 413	0.655845
	 414	0.433642
	 415	1.66719
	 416	-0.121424
	 417	-2.78478
	 418	0.0711417
	 419	-0.508365
	 420	-0.524295
	 421	-0.269821
	 422	-0.631537
	 423	-2.3389
	 424	-0.913491
	 425	1.15171
	 426	-0.0741248
	 427	-1.38241
	 428	0.0417758
	 429	0.78845
	 430	0.482544
	 431	-0.130601
	 432	0.498741
	 433	0.126161
	 434	1.38852
	 435	1.05352
	 436	-0.223728
	 437	-0.509212
	 438	-2.30644
	 439	-0.38815
	 440	-1.61083
	 441	-1.22922
	 442	0.647647
	 443	-0.819786
	 444	-0.195486
	 445	-2.54538
	 446	0.217109
	 447	-0.175454
	 448	0.712561
	 449	0.986415
	 450	0.617276
	 451	0.0522895
	 452	0.20365
	 453	-0.856319
	 454	-0.714498
	 455	-1.79417
	 456	-1.0977
	 457	-0.350039
	 458	-2.65382
	 459	-0.351607
	 460	-2.74208
	 461	0.135523
	 462	-0.806661
	 463	-0.100189
	 464	-0.741902
	 465	-0.352894
	 466	-0.783662
	 467	-0.00186906
	 468	1.40102
	 469	0.435206
	 470	0.44586
	 471	0.5676
	 472	0.956295
	 473	2.10251
	 474	2.63195
	 475	0.147027
	 476	-1.3843
	 477	-1.48059
	 478	-0.423074
	 479	-0.323083
	 480	-0.700383
	 481	-1.21658
	 482	-0.230826
	 483	-0.50367
	 484	-0.875343
	 485	-0.0878198
	 486	-0.180317
	 487	0.229437
	 488	-0.118727
	 489	0.560052
	 490	-0.486517
	 491	-0.36396
	 492	3.03851
	 493	-0.0566811
	 494	-0.782677
	 495	-0.407083
	 496	0.847965
	 497	0.444482
	 498	-0.290892
	 499	-0.963753
	 500	1.38235
	 501	-0.341825
	 502	0.0978319
	 503	0.681558
	 504	0.765179
	 505	1.2163
	 506	0.593598
	 507	0.530814
	 508	0.749386
	 509	0.206095
	 510	1.59326
	 511	1.06391
	 512	0.59778
	 513	-0.935222
	 514	-1.46561
	 515	0.0151229
	 516	0.0712894
	 517	0.24154
	 518	-1.11675
	 519	-1.08749
	 520	-1.00315
	 521	0.709209
	 522	-0.299515
	 523	0.244127
	 524	0.653104
	 525	0.416546
	 526	0.645975
	 527	2.9441
	 528	-0.34773
	 529	0.153745
	 530	-0.407645
	 531	0.143155
	 532	0.713226
	 533	-0.0638398
	 534	-2.21952
	 535	6.38754
	 536	-0.012737
	 537	-0.140522
	 538	-0.459278
	 539	-8.27408
	 540	-0.116725
	 541	-1.57502
	 542	-1.57143
	 543	0.869348
	 544	0.393559
	 545	0.784231
	 546	0.735947
	 547	0.420486
	 548	3.82131
	 549	0.301245
	 550	0.673882
	 551	1.12644
	 552	-0.383237
	 553	-0.0476227
	 554	0.29574
	 555	-1.62266
	 556	-0.170825
	 557	-1.2626
	 558	-0.229836
	 559	-6.16249
	 560	-0.0576225
	 561	2.15504
	 562	0.192237
	 563	2.76008
	 564	-0.0443676
	 565	0.37068
	 566	0.796877
	 567	-0.242895
	 568	-0.121112
	 569	2.48561
	 570	1.28054
	 571	0.30477
	 572	-0.986275
	 573	-0.457891
	 574	-2.88551
	 575	-0.196394
	 576	-10.3193
	 577	-0.0426995
	 578	-2.06463
	 579	-0.595587
	 580	-0.680486
	 581	-0.253821
	 582	-0.573311
	 583	2.16711
	 584	-0.0511585
	 585	0.904061
	 586	0.342462
	 587	0.751055
	 588	0.903265
	 589	0.344505
	 590	0.665041
	 591	-0.213762
	 592	0.97007
	 593	0.328524
	 594	1.01305
	 595	0.260884
	 596	0.785911
	 597	1.13413
	 598	0.144247
	 599	0.0320192
	 600	0.684891
	 601	-0.602217
	 602	-1.3612
	 603	-0.629269
	 604	4.07818
	 605	0.310479
	 606	-0.0914419
	 607	-1.4615
	 608	-0.989783
	 609	-1.20883
	 610	0.10354
	 611	0.074026
	 612	0.867342
	 613	0.0707756
	 614	0.370898
	 615	0.717454
	 616	-0.278417
	 617	0.0576199
	 618	0.595886
	 619	0.473821
	 620	0.874987
	 621	-0.211551
	 622	0.195183
	 623	-0.245474
	 624	-0.953284
	 625	0.0469763
	 626	-0.578617
	 627	-0.390978
	 628	-0.293432
	 629	1.39862
	 630	0.342434
	 631	-0.216936
	 632	-2.25388
	 633	-0.1574
	 634	0.361182
	 635	0.378045
	 636	-0.48955
	 637	-1.6566
	 638	0.580107
	 639	0.352908
	 640	-0.0496154
	 641	-0.79084
	 642	-0.566669
	 643	-0.0861806
	 644	-0.165127
	 645	-0.0643054
	 646	-0.356047
	 647	0.0897127
	 648	-0.193137
	 649	-0.908939
	 650	0.825817
	 651	0.168067
	 652	-0.0502799
	 653	0.963229
	 654	0.314445
	 655	1.87221
	 656	0.246079
	 657	1.13654
	 658	0.795909
	 659	0.59226
	 660	-1.13976
	 661	3.07465
	 662	0.0970044
	 663	0.264243
	 664	-0.190858
	 665	-1.1893
	 666	-1.29828
	 667	-0.734668
	 668	-0.42427
	 669	-0.271635
	 670	0.712016
	 671	-0.450095
	 672	-0.0633914
	 673	1.37067
	 674	0.678175
	 675	0.269918
	 676	-1.16174
	 677	0.146789
	 678	-0.592038
	 679	0.340983
	 680	1.45803
	 681	-0.257806
	 682	-0.244851
	 683	-0.343277
	 684	1.17229
	 685	0.411416
	 686	0.741881
	 687	-0.433794
	 688	-0.808133
	 689	0.0769925
	 690	0.0276866
	 691	-1.15101
	 692	-4.50619
	 693	0.155285
	 694	-0.679868
	 695	0.593121
	 696	0.973
	 697	0.586157
	 698	1.32799
	 699	1.27676
	 700	0.255758
	 701	6.36285
	 702	0.235067
	 703	0.823606
	 704	0.205454
	 705	-0.862849
	 706	-0.488382
	 707	-0.463118
	 708	-0.51274
	 709	-0.761107
	 710	-1.25495
	 711	-1.18668
	 712	0.0130571
	 713	-1.51374
	 714	-0.0767991
	 715	0.590262
	 716	0.149859
	 717	-0.48624
	 718	0.400262
	 719	0.738898
	 720	1.29542
	 721	2.99939
	 722	0.0379372
	 723	-0.209031
	 724	0.771135
	 725	-1.27891
	 726	-0.136164
	 727	-1.04168
	 728	-0.563116
	 729	-0.128659
	 730	-1.52756
	 731	-0.139634
	 732	-1.01599
	 733	-0.933657
	 734	0.167305
	 735	0.637837
	 736	3.92623
	 737	0.079654
	 738	0.955226
	 739	0.409846
	 740	-1.34044
	 741	0.585117
	 742	-0.0445818
	 743	-0.217802
	 744	-1.21042
	 745	-0.170592
	 746	-2.2211
	 747	-0.48477
	 748	-0.566107
	 749	-0.813252
	 750	0.0223312
	 751	0.667444
	 752	0.328116
	 753	-0.475724
	 754	1.97501
	 755	0.0139591
	 756	1.06968
	 757	0.722089
	 758	0.698856
	 759	1.26511
	 760	0.53599
	 761	1.1248
	 762	-0.302285
	 763	-2.14033
	 764	-1.91567
	 765	0.225308
	 766	-0.733368
	 767	-1.07479
	 768	-1.28001
	 769	0.2484
	 770	-0.0957702
	 771	0.00657021
	 772	-2.04408
	 773	-0.152524
	 774	0.853345
	 775	1.43639
	 776	0.605529
	 777	0.758588
	 778	0.729998
	 779	1.32972
	 780	-2.0659
	 781	0.887927
	 782	-0.0924986
	 783	-1.10235
	 784	1.55606
	 785	0.163004
	 786	0.409227
	 787	-1.95128
	 788	-0.00639859
	 789	-0.41952
	 790	-0.758554
	 791	1.26629
	 792	0.200621
	 793	0.96938
	 794	-0.818247
	 795	0.529108
	 796	0.760384
	 797	-1.13401
	 798	0.134107
	 799	1.14299
	 800	0.747303
	 801	1.03289
	 802	-0.389323
	 803	-0.813548
	 804	-1.38631
	 805	0.205403
	 806	-0.718282
	 807	-2.16081
	 808	-0.15843
	 809	-0.740788
	 810	0.787102
	 811	0.598545
	 812	0.0026782
	 813	-0.391681
	 814	0.189137
	 815	0.756722
	 816	0.589895
	 817	0.559188
	 818	0.215028
	 819	1.22674
	 820	-0.622038
	 821	-0.117649
	 822	0.762765
	 823	0.359921
	 824	0.290096
	 825	1.84072
	 826	0.321241
	 827	1.21331
	 828	0.648929
	 829	-0.522273
	 830	0.0147484
	 831	1.35617
	 832	-0.0302546
	 833	0.6107
	 834	-1.51263
	 835	-0.0637259
	 836	-0.536662
	 837	-0.127504
	 838	0.595099
	 839	-0.179996
	 840	-7.37585
	 841	0.00363185
	 842	1.21481
	 843	1.14222
	 844	0.905705
	 845	0.823568
	 846	0.941098
	 847	0.869435
	 848	-0.947646
	 849	0.0146955
	 850	0.849063
	 851	0.914097
	 852	1.46491
	 853	0.567029
	 854	0.819693
	 855	0.173397
	 856	0.0108065
	 857	0.145753
	 858	-0.0996559
	 859	1.0167
	 860	0.36636
	 861	0.486597
	 862	1.0327
	 863	1.91712
	 864	0.497861
	 865	6.11145
	 866	0.165443
	 867	0.916507
	 868	-0.224942
	 869	-0.539401
	 870	-0.784447
	 871	-0.835003
	 872	-3.5716
	 873	0.331495
	 874	0.116434
	 875	-0.340181
	 876	-1.14108
	 877	0.184958
	 878	0.225492
	 879	-0.681172
	 880	-0.959665
	 881	-0.178795
	 882	-0.515204
	 883	-1.24214
	 884	1.27385
	 885	-0.018599
	 886	-1.22505
	 887	0.231705
	 888	-0.411941
	 889	-0.42406
	 890	-0.0846167
	 891	-0.313807
	 892	-0.262164
	 893	-0.631702
	 894	-0.324694
	 895	-1.55466
	 896	-0.728975
	 897	-1.20347
	 898	-0.193528
	 899	-0.345215
	 900	-1.96845
	 901	-1.38291
	 902	-0.604693
	 903	2.79277
	 904	0.22398
	 905	0.0255621
	 906	-2.81112
	 907	1.04334
	 908	-0.09637
	 909	0.0569684
	 910	-0.0400868
	 911	0.491747
	 912	-1.32001
	 913	0.00307127
	 914	2.18705
	 915	1.10381
	 916	-0.807441
	 917	-0.427983
	 918	-0.709289
	 919	0.790155
	 920	-0.873076
	 921	0.542263
	 922	0.147307
	 923	-0.292899
	 924	5.12326
	 925	-0.203019
	 926	0.17384
	 927	1.93979
	 928	0.377446
	 929	0.443718
	 930	2.63967
	 931	2.00043
	 932	-0.0330027
	 933	0.224609
	 934	0.580947
	 935	1.00913
	 936	-0.486653
	 937	1.49083
	 938	-0.0102115
	 939	1.02853
	 940	0.464496
	 941	3.94108
	 942	0.390324
	 943	9.32987
	 944	0.250261
	 945	0.15448
	 946	0.239939
	 947	0.291648
	 948	0.218638
	 949	0.915446
	 950	0.563864
	 951	1.0095
	 952	1.78712
	 953	0.306189
	 954	2.79592
	 955	0.150742
	 956	1.16538
	 957	-6.10733
	 958	0.12271
	 959	0.247417
	 960	1.00108
	 961	0.909592
	 962	1.07217
	 963	1.38514
	 964	-0.131341
	 965	0.57482
	 966	0.477561
	 967	0.815149
	 968	1.40366
	 969	-0.157365
	 970	-0.568635
	 971	-0.0925031
	 972	0.152691
	 973	0.301412
	 974	1.5813
	 975	0.730515
	 976	0.625397
	 977	1.42571
	 978	-0.0503237
	 979	2.71309
	 980	0.748116
	 981	0.381708
	 982	1.04591
	 983	0.669308
	 984	0.972041
	 985	0.864185
	 986	1.18556
	 987	0.685192
	 988	1.54016
	 989	0.905453
	 990	0.644689
	 991	1.42174
	 992	0.800082
	 993	-1.1365
	 994	0.3035
	 995	-0.987752
	 996	1.44212
	 997	-0.281868
	 998	-0.675358
	 999	1.50053
	 1000	-0.0916316
	 1001	2.14996
	 1002	0.178359
	 1003	1.92932
	 1004	0.224173
	 1005	0.884243
	 1006	0.724322
	 1007	0.821289
	 1008	0.469152
	 1009	0.885459
	 1010	0.371212
	 1011	1.98077
	 1012	0.225203
	 1013	1.56765
	 1014	0.344135
	 1015	-0.249472
	 1016	-0.537383
	 1017	-0.902346
	 1018	-1.46939
	 1019	0.388035
	 1020	0.227464
	 1021	-0.528156
	 1022	-1.3975
	 1023	-1.6828
	 1024	0.834333
	 1025	0.580833
	 1026	0.622342
	 1027	0.857905
	 1028	-0.933657
	 1029	-0.652513
	 1030	-0.466786
	 1031	-0.802837
	 1032	-0.485545
	 1033	-1.14788
	 1034	1.60545
	 1035	-1.5399
	 1036	-0.0620853
	 1037	-0.491506
	 1038	-0.719016
	 1039	2.30633
	 1040	0.0790689
	 1041	0.514401
	 1042	-0.0476533
	 1043	0.787386
	 1044	0.375134
	 1045	-0.853148
	 1046	0.613186
	 1047	-0.178065
	 1048	-0.199886
	 1049	0.0443228
	 1050	-0.630036
	 1051	-1.36899
	 1052	0.708263
	 1053	-0.26262
	 1054	-0.337359
	 1055	-3.3975
	 1056	-0.145419
	 1057	-1.62705
	 1058	-0.128497
	 1059	-2.07709
	 1060	-0.195891
	 1061	-1.0606
	 1062	-0.834794
	 1063	-1.17449
	 1064	-0.337347
	 1065	-0.524079
	 1066	-0.988716
	 1067	-0.53982
	 1068	-1.75567
	 1069	-0.376636
	 1070	-1.17998
	 1071	-1.90726
	 1072	-0.432107
	 1073	-0.545449
	 1074	-0.498298
	 1075	-0.629106
	 1076	-1.07743
	 1077	-0.26599
	 1078	-0.546716
	 1079	-0.798615
	 1080	0.458462
	 1081	-0.355356
	 1082	-0.0234598
	 1083	1.44588
	 1084	-0.179359
	 1085	0.668017
	 1086	-0.0699914
	 1087	0.437162
	 1088	0.128667
	 1089	-1.49126
	 1090	0.374757
	 1091	-0.543208
	 1092	-0.15316
	 1093	0.550393
	 1094	0.0289372
	 1095	-0.406256
	 1096	-0.651761
	 1097	-0.0299059
	 1098	-2.36622
	 1099	0.773027
	 1100	0.10917
	 1101	1.5447
	 1102	0.930628
	 1103	0.0754706
	 1104	0.102971
	 1105	-0.155473
	 1106	0.475842
	 1107	0.622934
	 1108	4.29144
	 1109	0.0489209
	 1110	0.0912326
	 1111	-2.05486
	 1112	-0.29653
	 1113	0.328936
	 1114	0.486408
	 1115	0.298009
	 1116	0.521469
	 1117	-0.0329788
	 1118	0.616906
	 1119	0.477929
	 1120	0.169316
	 1121	0.0760304
	 1122	0.506347
	 1123	0.820644
	 1124	0.994117
	 1125	13.5213
	 1126	0.039532
	 1127	0.0183098
	 1128	0.333022
	 1129	-0.20023
	 1130	0.707675
	 1131	-0.241014
	 1132	0.69399
	 1133	0.0147019
	 1134	0.158281
	 1135	1.07728
	 1136	-0.0962465
	 1137	-0.00914978
	 1138	0.414619
	 1139	-5.05051
	 1140	-0.0514665
	 1141	-0.346038
	 1142	1.03295
	 1143	5.35709
	 1144	0.106339
	 1145	1.24787
	 1146	-0.565704
	 1147	-0.814338
	 1148	-1.28752
	 1149	1.73202
	 1150	-0.0163095
	 1151	-1.63669
	 1152	-0.0191165
	 1153	0.823674
	 1154	-0.608742
	 1155	0.694506
	 1156	0.293297
	 1157	-0.0582322
	 1158	-0.363992
	 1159	-1.86935
	 1160	0.23491
	 1161	0.00902656
	 1162	0.573384
	 1163	0.868531
	 1164	-0.0118257
	 1165	-6.53936
	 1166	-0.225593
	 1167	-0.591721
	 1168	-0.0766245
	 1169	-0.0902288
	 1170	0.352188
	 1171	0.442468
	 1172	0.200848
	 1173	0.670427
	 1174	0.996543
	 1175	-0.896073
	 1176	2.65819
	 1177	3.4148
	 1178	0.0261745
	 1179	-0.424315
	 1180	-1.38804
	 1181	-1.13484
	 1182	-0.0882174
	 1183	2.77312
	 1184	1.12043
	 1185	-0.16392
	 1186	-0.877861
	 1187	0.0911762
	 1188	-0.385131
	 1189	0.659759
	 1190	0.551793
	 1191	-0.708958
	 1192	-0.106797
	 1193	0.728326
	 1194	0.804642
	 1195	0.0131021
	 1196	-1.71234
	 1197	-0.719213
	 1198	0.660806
	 1199	0.208993
	 1200	0.315624
	 1201	0.326245
	 1202	1.7797
	 1203	1.08056
	 1204	0.523417
	 1205	-0.406356
	 1206	0.252215
	 1207	0.82634
	 1208	-0.394219
	 1209	0.361862
	 1210	1.91641
	 1211	-0.306719
	 1212	1.47892
	 1213	0.332391
	 1214	1.02592
	 1215	0.464514
	 1216	1.20455
	 1217	-0.261977
	 1218	-1.21345
	 1219	0.0548235
	 1220	1.19157
	 1221	0.428591
	 1222	2.09517
	 1223	0.309149
	 1224	1.98442
	 1225	-0.000701527
	 1226	-1.23281
	 1227	0.120575
	 1228	-0.22418
	 1229	1.10013
	 1230	0.856324
	 1231	0.76514
	 1232	0.694649
	 1233	1.26662
	 1234	0.435935
	 1235	-0.191433
	 1236	2.44814
	 1237	-0.159212
	 1238	-1.6873
	 1239	0.523228
	 1240	0.467302
	 1241	1.14767
	 1242	0.533607
	 1243	-0.381191
	 1244	1.05513
	 1245	0.475269
	 1246	0.26516
	 1247	-0.873274
	 1248	0.158888
	 1249	1.22484
	 1250	-4.68054
	 1251	0.138684
	 1252	-0.124945
	 1253	-1.5369
	 1254	-0.372947
	 1255	0.360746
	 1256	-0.298372
	 1257	0.213205
	 1258	0.333576
	 1259	0.172558
	 1260	0.258838
	 1261	-0.172084
	 1262	-0.182741
	 1263	0.0190924
	 1264	0.977385
	 1265	0.137302
	 1266	-0.999142
	 1267	-0.0926599
	 1268	0.076191
	 1269	0.871244
	 1270	1.14772
	 1271	1.0856
	 1272	0.5231
	 1273	0.332054
	 1274	0.605305
	 1275	-4.45289
	 1276	-0.361967
	 1277	0.649647
	 1278	0.315038
	 1279	0.657286
	 1280	2.13273
	 1281	0.324914
	 1282	0.0556799
	 1283	0.464437
	 1284	4.41415
	 1285	0.525254
	 1286	-0.275332
	 1287	-0.198265
	 1288	-0.0758735
	 1289	-0.135858
	 1290	1.71138
	 1291	0.431186
	 1292	-0.615249
	 1293	-2.775
	 1294	-0.148255
	 1295	0.549553
	 1296	-0.0338494
	 1297	0.625502
	 1298	0.98091
	 1299	-0.411797
	 1300	0.265704
	 1301	0.333649
	 1302	-1.9803
	 1303	-0.118138
	 1304	-0.117088
	 1305	-0.816937
	 1306	1.91718
	 1307	0.0784967
	 1308	-0.962134
	 1309	0.408792
	 1310	-0.184601
	 1311	-0.0585243
	 1312	-0.565544
	 1313	-0.875883
	 1314	-2.14983
	 1315	-0.467067
	 1316	0.457627
	 1317	0.401172
	 1318	1.06291
	 1319	-7.32494
	 1320	0.0259672
	 1321	-0.347008
	 1322	-0.678968
	 1323	-1.321
	 1324	-0.499039
	 1325	-3.51318
	 1326	-0.298915
	 1327	-0.45205
	 1328	-0.435942
	 1329	-4.41121
	 1330	-0.286871
	 1331	0.285287
	 1332	1.10031
	 1333	-0.0708273
	 1334	-0.680072
	 1335	-0.588331
	 1336	-0.635082
	 1337	1.50921
	 1338	0.818808
	 1339	0.357281
	 1340	-2.74192
	 1341	-0.496969
	 1342	1.05443
	 1343	-0.168386
	 1344	0.649867
	 1345	-0.194255
	 1346	0.538814
	 1347	-0.582948
	 1348	-0.0826085
	 1349	-0.711604
	 1350	-0.806471
	 1351	-1.08089
	 1352	-1.07074
	 1353	-0.365302
	 1354	-0.642573
	 1355	0.453541
	 1356	-0.241829
	 1357	-0.79736
	 1358	0.229952
	 1359	-0.518116
	 1360	-0.467422
	 1361	-0.630339
	 1362	-0.26411
	 1363	-2.11175
	 1364	-0.0499314
	 1365	-0.285611
	 1366	0.599723
	 1367	-1.20969
	 1368	-0.220068
	 1369	-0.0768752
	 1370	-0.526554
	 1371	1.53917
	 1372	0.111812
	 1373	-1.43862
	 1374	0.120717
	 1375	-1.14969
	 1376	-0.262366
	 1377	0.367
	 1378	1.59681
	 1379	-1.39324
	 1380	0.645221
	 1381	0.181153
	 1382	-0.382219
	 1383	1.27394
	 1384	0.112376
	 1385	1.58565
	 1386	0.301569
	 1387	-0.883826
	 1388	1.21738
	 1389	-0.266303
	 1390	-0.431874
	 1391	1.53232
	 1392	-0.767369
	 1393	-0.272843
	 1394	1.73538
	 1395	0.024976
	 1396	0.120824
	 1397	-0.484023
	 1398	0.84947
	 1399	1.23211
	 1400	2.13781
	 1401	0.517023
	 1402	0.418338
	 1403	-0.919755
	 1404	-1.21091
	 1405	-0.638581
	 1406	-0.294648
	 1407	-0.0955086
	 1408	0.291388
	 1409	-0.168926
	 1410	-0.641236
	 1411	0.0942158
	 1412	-1.11091
	 1413	-0.224596
	 1414	0.116945
	 1415	-0.0773627
	 1416	0.0781437
	 1417	-5.32387
	 1418	-0.3244
	 1419	-0.63382
	 1420	-0.784836
	 1421	-1.10078
	 1422	3.00722
	 1423	0.245718
	 1424	0.277621
	 1425	0.203495
	 1426	-0.71352
	 1427	-0.568907
	 1428	-0.887248
	 1429	-0.699395
	 1430	-0.257297
	 1431	1.00844
	 1432	-0.231547
	 1433	-0.111003
	 1434	0.302102
	 1435	-1.02725
	 1436	-0.424675
	 1437	-1.69443
	 1438	0.587758
	 1439	-0.80039
	 1440	-0.185044
	 1441	-0.376716
	 1442	-1.22921
	 1443	0.0794738
	 1444	-0.327273
	 1445	-0.000346423
	 1446	-0.456658
	 1447	-1.18933
	 1448	-0.127373
	 1449	-0.977637
	 1450	0.0412344
	 1451	0.839684
	 1452	1.71576
	 1453	1.2548
	 1454	-0.366904
	 1455	-0.684988
	 1456	0.128918
	 1457	-0.587364
	 1458	-0.784266
	 1459	-0.422059
	 1460	1.07083
	 1461	1.51809
	 1462	0.841124
	 1463	-1.68036
	 1464	-0.0371521
	 1465	-0.506127
	 1466	-0.535446
	 1467	2.37454
	 1468	0.0946318
	 1469	-0.680951
	 1470	-0.602665
	 1471	1.02375
	 1472	-0.927043
	 1473	0.0161692
	 1474	-0.216169
	 1475	2.69332
	 1476	0.00587412
	 1477	0.768382
	 1478	1.90769
	 1479	0.183712
	 1480	-0.824866
	 1481	-0.0755246
	 1482	-0.853384
	 1483	0.031377
	 1484	0.0332236
	 1485	3.51798
	 1486	-0.71671
	 1487	0.992858
	 1488	0.17875
	 1489	-0.55586
	 1490	0.108751
	 1491	-1.0609
	 1492	-0.635321
	 1493	-0.120234
	 1494	-0.368333
	 1495	-0.643854
	 1496	0.386892
	 1497	3.31149
	 1498	0.0985937
	 1499	-0.354394
	 1500	-0.968309
	 1501	-1.96956
	 1502	0.0747865
	 1503	1.20908
	 1504	-0.0323545
	 1505	0.0484217
	 1506	1.36953
	 1507	-0.333526
	 1508	-0.336327
	 1509	0.410092
	 1510	0.884451
	 1511	0.213768
	 1512	-0.916813
	 1513	0.0600388
	 1514	1.32709
	 1515	-0.30641
	 1516	-0.298688
	 1517	0.556671
	 1518	0.815998
	 1519	-0.296692
	 1520	-0.0560583
	 1521	0.980521
	 1522	1.6012
	 1523	0.576664
	 1524	-0.472513
	 1525	2.41967
	 1526	0.123141
	 1527	0.272475
	 1528	0.922847
	 1529	1.22704
	 1530	0.458682
	 1531	0.185828
	 1532	1.36673
	 1533	0.618553
	 1534	1.47193
	 1535	0.741538
	 1536	0.77499
	 1537	0.954447
	 1538	1.40461
	 1539	-0.203807
	 1540	0.264825
	 1541	-0.0340878
	 1542	0.40128
	 1543	0.796588
	 1544	0.644388
	 1545	0.715661
	 1546	1.07846
	 1547	0.430523
	 1548	1.60525
	 1549	0.448578
	 1550	0.0452419
	 1551	0.714945
	 1552	0.437711
	 1553	2.68881
	 1554	0.696389
	 1555	0.21404
	 1556	0.183863
	 1557	1.4477
	 1558	-0.00145549
	 1559	1.80493
	 1560	0.46321
	 1561	5.05549
	 1562	0.0430358
	 1563	0.902213
	 1564	0.492421
	 1565	-0.516157
	 1566	-0.210654
	 1567	0.107738
	 1568	0.532521
	 1569	1.33346
	 1570	1.45155
	 1571	0.433069
	 1572	0.510704
	 1573	0.114973
	 1574	-0.385841
	 1575	0.134353
	 1576	-1.32047
	 1577	-0.206252
	 1578	0.168566
	 1579	0.327229
	 1580	1.30802
	 1581	-0.0533591
	 1582	0.301682
	 1583	1.10296
	 1584	1.26238
	 1585	-0.225323
	 1586	0.181947
	 1587	0.149608
	 1588	0.922539
	 1589	1.383
	 1590	0.597266
	 1591	-0.121145
	 1592	0.591661
	 1593	0.529595
	 1594	0.865476
	 1595	1.46609
	 1596	0.293127
	 1597	-1.74252
	 1598	0.105656
	 1599	-0.0214396
	 1600	-1.18894
	 1601	-0.402426
	 1602	-0.69132
	 1603	-0.826626
	 1604	0.205065
	 1605	-0.0683424
	 1606	0.334389
	 1607	-0.876298
	 1608	-0.232067
	 1609	0.126017
	 1610	-0.0187833
	 1611	-0.639522
	 1612	-0.530527
	 1613	-0.698988
	 1614	-0.821545
	 1615	-1.42017
	 1616	2.05646
	 1617	-0.209781
	 1618	0.633767
	 1619	0.431596
	 1620	-0.459467
	 1621	1.53678
	 1622	-0.996068
	 1623	0.285581
	 1624	-0.467658
	 1625	-0.151688
	 1626	2.095
	 1627	-0.850192
	 1628	0.188548
	 1629	0.0494888
	 1630	0.144561
	 1631	0.328478
	 1632	-0.0280145
	 1633	0.451792
	 1634	2.42338
	 1635	-0.142249
	 1636	0.628943
	 1637	5.40933
	 1638	-0.256212
	 1639	0.518831
	 1640	-0.401467
	 1641	-0.568868
	 1642	0.948883
	 1643	0.151298
	 1644	-0.214868
	 1645	0.697155
	 1646	1.65576
	 1647	-0.261887
	 1648	0.497752
	 1649	1.59712
	 1650	0.0687507
	 1651	0.704119
	 1652	0.926963
	 1653	0.103053
	 1654	-0.252682
	 1655	1.02665
	 1656	-0.0445439
	 1657	-2.71838
	 1658	0.442426
	 1659	-0.0993208
	 1660	1.90862
	 1661	1.04979
	 1662	-1.56779
	 1663	0.503777
	 1664	0.58605
	 1665	0.274078
	 1666	-0.754038
	 1667	-0.208286
	 1668	0.328495
	 1669	1.01059
	 1670	0.947339
	 1671	0.71149
	 1672	-0.392643
	 1673	0.384952
	 1674	-1.53378
	 1675	-1.06151
	 1676	-0.186843
	 1677	-0.518912
	 1678	-1.56559
	 1679	-0.23219
	 1680	-1.57619
	 1681	-1.22025
	 1682	-0.0729229
	 1683	-0.333037
	 1684	2.05186
	 1685	0.260493
	 1686	0.997719
	 1687	1.39086
	 1688	-0.616095
	 1689	-0.00445551
	 1690	-0.280648
	 1691	0.517237
	 1692	1.69881
	 1693	0.0875333
	 1694	0.665586
	 1695	-0.0742981
	 1696	-0.640568
	 1697	-0.0190696
	 1698	7.40249
	 1699	-0.284597
	 1700	0.0134267
	 1701	0.875371
	 1702	-0.476822
	 1703	1.5923
	 1704	-0.0248394
	 1705	3.61749
	 1706	0.0480495
	 1707	-0.997695
	 1708	0.387023
	 1709	0.995804
	 1710	1.74474
	 1711	-0.380246
	 1712	0.180072
	 1713	0.815545
	 1714	0.847714
	 1715	-0.192166
	 1716	-0.947445
	 1717	-4.51193
	 1718	-0.146596
	 1719	0.496952
	 1720	1.39209
	 1721	-0.112241
	 1722	-0.734317
	 1723	0.723492
	 1724	-0.287788
	 1725	-1.12374
	 1726	-1.49226
	 1727	-0.254293
	 1728	-1.42772
	 1729	-0.778487
	 1730	-0.569768
	 1731	-0.580124
	 1732	-0.342223
	 1733	-0.233174
	 1734	0.332771
	 1735	0.0923591
	 1736	-0.631384
	 1737	-0.758684
	 1738	0.283781
	 1739	-0.566528
	 1740	-0.53792
	 1741	0.922706
	 1742	0.0724454
	 1743	-1.07857
	 1744	-0.113614
	 1745	0.728956
	 1746	-1.07696
	 1747	-0.807375
	 1748	-0.201526
	 1749	0.361131
	 1750	5.38544
	 1751	0.09931
	 1752	-0.453668
	 1753	-0.694744
	 1754	-1.05208
	 1755	-1.1575
	 1756	-1.13306
	 1757	-0.34688
	 1758	0.249735
	 1759	0.137998
	 1760	-1.51063
	 1761	-0.497576
	 1762	-2.19878
	 1763	0.339347
	 1764	-3.51264
	 1765	-0.100706
	 1766	-0.443922
	 1767	2.44492
	 1768	0.114569
	 1769	-0.133847
	 1770	-0.339531
	 1771	-3.03447
	 1772	-0.405455
	 1773	-2.54567
	 1774	0.317003
	 1775	0.274492
	 1776	-0.0543737
	 1777	-0.576841
	 1778	0.37734
	 1779	1.22568
	 1780	-1.23874
	 1781	-0.565359
	 1782	0.531869
	 1783	0.586406
	 1784	-0.285853
	 1785	-0.282706
	 1786	-0.0970785
	 1787	-1.86734
	 1788	-0.828523
	 1789	-0.551261
	 1790	0.652554
	 1791	-0.761852
	 1792	-0.33018
	 1793	-1.27172
	 1794	-1.02199
	 1795	0.965049
	 1796	-1.47676
	 1797	-0.0451515
	 1798	0.826764
	 1799	-0.532796
	 1800	0.642192
	 1801	1.37416
	 1802	-0.910747
	 1803	1.10463
	 1804	-0.307131
	 1805	-0.585927
	 1806	-3.38149
	 1807	0.462252
	 1808	-0.0381856
	 1809	0.149781
	 1810	0.296483
	 1811	0.887688
	 1812	-0.349602
	 1813	-1.50431
	 1814	-0.578788
	 1815	0.587321
	 1816	0.182573
	 1817	-0.180105
	 1818	-3.49029
	 1819	-0.290238
	 1820	1.17426
	 1821	0.216437
	 1822	-0.581915
	 1823	0.409614
	 1824	0.896372
	 1825	0.634941
	 1826	-1.02115
	 1827	-1.37136
	 1828	-0.00207622
	 1829	-1.192
	 1830	-0.458067
	 1831	-1.3098
	 1832	0.454168
	 1833	0.18531
	 1834	-0.293828
	 1835	2.20381
	 1836	0.136543
	 1837	0.266375
	 1838	0.178423
	 1839	-0.35173
	 1840	-0.0103644
	 1841	0.0242651
	 1842	0.435362
	 1843	-0.708971
	 1844	-0.572175
	 1845	0.501217
	 1846	0.0294938
	 1847	-0.533344
	 1848	0.966595
	 1849	0.511835
	 1850	-1.4027
	 1851	0.272259
	 1852	0.421822
	 1853	0.443701
	 1854	1.1314
	 1855	0.279056
	 1856	-0.639871
	 1857	0.237095
	 1858	3.45439
	 1859	-0.119047
	 1860	-0.141724
	 1861	1.41373
	 1862	0.147458
	 1863	0.936186
	 1864	0.996752
	 1865	1.47541
	 1866	0.467712
	 1867	0.141726
	 1868	0.520191
	 1869	0.325472
	 1870	-0.282269
	 1871	-0.361592
	 1872	0.0240954
	 1873	-0.77587
	 1874	0.705089
	 1875	0.477838
	 1876	1.58561
	 1877	-0.488565
	 1878	0.00747922
	 1879	0.124847
	 1880	1.18343
	 1881	0.140344
	 1882	1.24478
	 1883	1.26357
	 1884	-0.47807
	 1885	0.11218
	 1886	-0.330266
	 1887	1.73537
	 1888	-0.0832821
	 1889	0.635261
	 1890	0.433839
	 1891	0.909837
	 1892	0.310978
	 1893	0.839247
	 1894	-0.326117
	 1895	2.0563
	 1896	0.119416
	 1897	-0.238021
	 1898	0.448929
	 1899	1.88041
	 1900	0.1201
	 1901	0.566922
	 1902	1.45846
	 1903	-0.616075
	 1904	0.131348
	 1905	0.808885
	 1906	0.669729
	 1907	-0.0585284
	 1908	0.177529
	 1909	1.1208
	 1910	0.0106848
	 1911	0.147782
	 1912	0.588466
	 1913	-5.24372
	 1914	1.30313
	 1915	0.0815679
	 1916	0.541064
	 1917	-0.396644
	 1918	1.25075
	 1919	0.251007
	 1920	-0.381101
	 1921	1.75055
	 1922	0.665565
	 1923	-4.01234
	 1924	0.242254
	 1925	1.02545
	 1926	-0.188206
	 1927	0.228548
	 1928	0.826836
	 1929	-6.20816
	 1930	-0.179802
	 1931	0.383664
	 1932	0.372048
	 1933	0.525799
	 1934	-0.0570865
	 1935	-0.313442
	 1936	3.72329
	 1937	-0.128391
	 1938	1.17063
	 1939	1.12387
	 1940	-2.46563
	 1941	0.132514
	 1942	-0.16644
	 1943	-0.203259
	 1944	0.393588
	 1945	0.581877
	 1946	0.624081
	 1947	0.474765
	 1948	-0.350603
	 1949	0.239644
	 1950	-0.791115
	 1951	1.13714
	 1952	0.029037
	 1953	0.521657
	 1954	0.537153
	 1955	-0.086132
	 1956	0.652945
	 1957	0.119048
	 1958	0.0451476
	 1959	-0.81137
	 1960	0.498301
	 1961	0.693897
	 1962	0.574893
	 1963	-0.395364
	 1964	0.73736
	 1965	-1.04822
	 1966	0.235493
	 1967	0.123608
	 1968	0.886564
	 1969	0.790597
	 1970	-0.322303
	 1971	-0.205368
	 1972	0.507678
	 1973	-0.200186
	 1974	0.126057
	 1975	0.716068
	 1976	-0.488986
	 1977	-0.459989
	 1978	0.486737
	 1979	0.0617277
	 1980	0.579832
	 1981	0.0733168
	 1982	-0.243901
	 1983	0.562747
	 1984	0.757742
	 1985	0.0845943
	 1986	1.27681
	 1987	-0.628721
	 1988	-0.399079
	 1989	0.536678
	 1990	-0.539834
	 1991	-0.604247
	 1992	1.06788
	 1993	-0.00809169
	 1994	0.241307
	 1995	-0.457981
	 1996	-1.60435
	 1997	1.87275
	 1998	-0.136501
	 1999	-0.730985
	 2000	-0.740505
	 2001	-0.569796
	 2002	-0.370296
	 2003	3.73309
	 2004	-0.256661
	 2005	-0.0551653
	 2006	2.16581
	 2007	0.0743641
	 2008	-0.368803
	 2009	-0.291099
	 2010	-0.18416
	 2011	0.217907
	 2012	0.0445214
	 2013	-0.299189
	 2014	-0.252221
	 2015	-0.74013
	 2016	0.418842
	 2017	0.634807
	 2018	-0.818337
	 2019	-1.88219
	 2020	-0.532558
	 2021	0.564242
	 2022	-0.469691
	 2023	0.0921145
	 2024	-0.502278
	 2025	-1.04768
	 2026	-0.31605
	 2027	-0.619294
	 2028	0.0298266
	 2029	1.02814
	 2030	-1.47564
	 2031	-0.129901
	 2032	-2.31582
	 2033	-1.00144
	 2034	-0.784481
	 2035	0.00496899
	 2036	-0.569775
	 2037	-1.16761
	 2038	0.00432938
	 2039	-0.0685678
	 2040	-0.338565
	 2041	-0.526347
	 2042	-0.413317
	 2043	-0.474769
	 2044	0.0507956
	 2045	-4.4854
	 2046	-0.096897
	 2047	-0.870314
	 2048	-0.254676
	 2049	2.33755
	 2050	0.197104
	 2051	-0.766672
	 2052	-0.857558
	 2053	-0.19724
	 2054	-0.204171
	 2055	-2.69221
	 2056	-1.85821
	 2057	0.983237
	 2058	-0.125595
	 2059	-0.215249
	 2060	-0.900988
	 2061	-0.108079
	 2062	0.160244
	 2063	-4.97043
	 2064	-0.081092
	 2065	-0.759674
	 2066	0.225963
	 2067	-0.101588
	 2068	-0.316869
	 2069	1.11617
	 2070	3.8867
	 2071	0.0258234
	 2072	-0.971855
	 2073	1.07065
	 2074	0.176233
	 2075	-1.21197
	 2076	0.59906
	 2077	-1.81013
	 2078	-0.0269263
	 2079	-0.151932
	 2080	-0.505987
	 2081	0.109165
	 2082	-0.0144066
	 2083	-0.423714
	 2084	-0.735901
	 2085	-0.801021
	 2086	-0.881225
	 2087	-3.08416
	 2088	-0.980619
	 2089	-0.170668
	 2090	0.745504
	 2091	0.0278881
	 2092	-0.419906
	 2093	-1.55569
	 2094	-1.69746
	 2095	-0.512795
	 2096	-0.188016
	 2097	0.134875
	 2098	0.733799
	 2099	-0.670508
	 2100	-1.51662
	 2101	-0.524606
	 2102	0.848855
	 2103	-0.611029
	 2104	-0.610548
	 2105	-2.84685
	 2106	-0.406278
	 2107	-3.75317
	 2108	-0.300575
	 2109	-0.742295
	 2110	-0.67103
	 2111	-0.706864
	 2112	-1.51295
	 2113	-0.111534
	 2114	1.0685
	 2115	-0.24997
	 2116	-0.637106
	 2117	0.105309
	 2118	-1.57699
	 2119	-0.166095
	 2120	-0.0728281
	 2121	3.15884
	 2122	-0.436369
	 2123	0.914764
	 2124	-0.212269
	 2125	-0.207835
	 2126	-0.982248
	 2127	-0.258043
	 2128	-0.0483087
	 2129	-0.733528
	 2130	-0.445466
	 2131	-1.4154
	 2132	-0.382715
	 2133	-3.44596
	 2134	-0.67719
	 2135	-4.46878
	 2136	0.130989
	 2137	-0.274068
	 2138	1.33712
	 2139	-0.446364
	 2140	0.58602
	 2141	-0.909005
	 2142	-0.734139
	 2143	-0.138419
	 2144	-0.175983
	 2145	0.085727
	 2146	-2.9543
	 2147	-0.191973
	 2148	-2.63715
	 2149	-0.170796
	 2150	-0.462483
	 2151	0.798236
	 2152	0.0744988
	 2153	0.0392372
	 2154	5.02815
	 2155	0.0490996
	 2156	-1.01286
	 2157	-0.394462
	 2158	0.0950275
	 2159	0.135097
	 2160	-1.83254
	 2161	0.169762
	 2162	0.734794
	 2163	-1.36837
	 2164	-0.579718
	 2165	0.228887
	 2166	-0.370912
	 2167	-0.260167
	 2168	1.15706
	 2169	-0.254199
	 2170	-2.73178
	 2171	-0.423646
	 2172	0.544742
	 2173	-0.12938
	 2174	-0.612038
	 2175	-1.73788
	 2176	-0.424434
	 2177	-0.310828
	 2178	-1.11263
	 2179	-0.0465155
	 2180	0.649585
	 2181	-0.634014
	 2182	0.0578697
	 2183	-0.711675
	 2184	0.693711
	 2185	0.339656
	 2186	0.234579
	 2187	1.2897
	 2188	-0.00848716
	 2189	-0.860988
	 2190	-0.366529
	 2191	0.234703
	 2192	-0.85426
	 2193	-0.410593
	 2194	0.108838
	 2195	-0.590087
	 2196	-0.201712
	 2197	1.19817
	 2198	-0.00918414
	 2199	-0.559677
	 2200	-0.800695
	 2201	-1.39303
	 2202	0.604272
	 2203	0.400514
	 2204	-0.241127
	 2205	1.15087
	 2206	3.89082
	 2207	-0.0591824
	 2208	1.07783
	 2209	0.275694
	 2210	-0.0312744
	 2211	-0.296115
	 2212	-1.04247
	 2213	0.224862
	 2214	0.434299
	 2215	0.648099
	 2216	0.0872966
	 2217	0.256042
	 2218	0.953625
	 2219	0.555738
	 2220	0.159893
	 2221	0.363616
	 2222	1.99541
	 2223	-0.169166
	 2224	0.0604515
	 2225	-14.834
	 2226	0.056366
	 2227	0.0517915
	 2228	-3.34977
	 2229	0.297187
	 2230	-0.305212
	 2231	-0.604482
	 2232	-0.411401
	 2233	0.780886
	 2234	0.618591
	 2235	1.20521
	 2236	-0.215115
	 2237	-0.131541
	 2238	0.346164
	 2239	-0.672571
	 2240	-0.145331
	 2241	0.225108
	 2242	0.0910666
	 2243	-5.91056
	 2244	-0.327406
	 2245	0.395189
	 2246	-0.388646
	 2247	-0.654498
	 2248	-0.192066
	 2249	-0.353496
	 2250	-0.0236599
	 2251	0.825511
	 2252	0.804093
	 2253	-2.16516
	 2254	0.503062
	 2255	0.441134
	 2256	-0.341445
	 2257	0.146277
	 2258	-0.403271
	 2259	0.428832
	 2260	-1.76116
	 2261	0.75414
	 2262	0.273687
	 2263	-0.594149
	 2264	0.0329319
	 2265	-0.79918
	 2266	0.911578
	 2267	-0.0255023
	 2268	-1.70423
	 2269	1.28859
	 2270	0.128779
	 2271	-1.45982
	 2272	0.251515
	 2273	-0.669874
	 2274	-0.871741
	 2275	2.50248
	 2276	0.133221
	 2277	-0.684554
	 2278	0.667998
	 2279	0.0105592
	 2280	-0.838628
	 2281	0.284767
	 2282	-0.0593757
	 2283	0.352798
	 2284	-3.14641
	 2285	-0.183595
	 2286	0.742266
	 2287	-0.755774
	 2288	-0.103107
	 2289	-0.246454
	 2290	-3.82306
	 2291	-0.0146681
	 2292	-0.633142
	 2293	0.937239
	 2294	0.283387
	 2295	-0.0678948
	 2296	0.0295475
	 2297	-0.591034
	 2298	-0.352309
	 2299	0.436753
	 2300	0.46162
	 2301	0.361926
	 2302	-2.76554
	 2303	-0.222991
	 2304	-0.107508
	 2305	-0.890759
	 2306	-0.0919615
	 2307	-0.647002
	 2308	-0.190298
	 2309	0.418937
	 2310	-0.814797
	 2311	-0.55592
	 2312	0.430191
	 2313	-0.785955
	 2314	-0.0893618
	 2315	0.531407
	 2316	-0.447475
	 2317	0.0163434
	 2318	0.872323
	 2319	-3.3767
	 2320	-0.0435434
	 2321	0.299276
	 2322	-0.36265
	 2323	-1.10839
	 2324	-0.0324223
	 2325	0.687227
	 2326	-1.85646
	 2327	-0.349166
	 2328	-0.102548
	 2329	-0.48017
	 2330	-2.21459
	 2331	0.437848
	 2332	-0.218192
	 2333	-0.253659
	 2334	-0.688458
	 2335	-0.791147
	 2336	-0.180525
	 2337	0.974019
	 2338	-0.178492
	 2339	0.242106
	 2340	0.865205
	 2341	-2.24659
	 2342	-1.31241
	 2343	-0.232183
	 2344	0.0659723
	 2345	-0.420779
	 2346	-0.375666
	 2347	-3.5313
	 2348	-0.198904
	 2349	0.764091
	 2350	-1.58324
	 2351	-0.293889
	 2352	0.12758
	 2353	-1.77163
	 2354	-0.373732
	 2355	0.628853
	 2356	0.838152
	 2357	-2.40032
	 2358	0.187474
	 2359	-1.39148
	 2360	-0.498964
	 2361	-0.539733
	 2362	0.0629538
	 2363	-0.437322
	 2364	-0.268331
	 2365	0.844312
	 2366	-1.31692
	 2367	0.172467
	 2368	0.178594
	 2369	-0.868188
	 2370	0.0131898
	 2371	-2.13582
	 2372	-0.0684205
	 2373	2.41725
	 2374	-0.302329
	 2375	-0.815565
	 2376	-0.809534
	 2377	0.108082
	 2378	-3.65133
	 2379	0.142463
	 2380	0.152932
	 2381	-2.32491
	 2382	0.198768
	 2383	-0.414762
	 2384	-0.705323
	 2385	-1.62863
	 2386	0.660208
	 2387	-0.718291
	 2388	-0.595893
	 2389	-3.06688
	 2390	1.44831
	 2391	0.00506655
	 2392	-0.342066
	 2393	-1.414
	 2394	0.0762342
	 2395	0.244599
	 2396	-0.502181
	 2397	0.0810686
	 2398	1.28646
	 2399	0.345389
	 2400	0.456727
	 2401	-1.59096
	 2402	0.0823818
	 2403	-0.609766
	 2404	0.00853781
	 2405	-0.913515
	 2406	0.0241336
	 2407	0.577259
	 2408	-0.638143
	 2409	-0.874601
	 2410	-1.04425
	 2411	-0.273018
	 2412	-0.880667
	 2413	0.0397569
	 2414	0.386317
	 2415	-0.522395
	 2416	0.92825
	 2417	0.350764
	 2418	0.233096
	 2419	0.256512
	 2420	-1.37722
	 2421	-0.53394
	 2422	-0.101263
	 2423	-3.16891
	 2424	-0.142432
	 2425	-0.0514416
	 2426	-0.246542
	 2427	0.585423
	 2428	-0.651397
	 2429	-0.134109
	 2430	0.273383
	 2431	0.603817
	 2432	0.0896046
	 2433	0.38148
	 2434	0.369158
	 2435	1.09203
	 2436	-1.00422
	 2437	-0.56384
	 2438	-1.43921
	 2439	-4.1909
	 2440	0.00646786
	 2441	1.08831
	 2442	0.268701
	 2443	0.844381
	 2444	-0.586921
	 2445	-0.93448
	 2446	0.638609
	 2447	-1.032
	 2448	-0.170815
	 2449	3.78505
	 2450	-0.0665063
	 2451	-0.540371
	 2452	-0.741897
	 2453	0.431437
	 2454	0.639632
	 2455	-0.836623
	 2456	-0.255204
	 2457	0.258009
	 2458	0.593147
	 2459	2.94997
	 2460	0.110114
	 2461	-0.851149
	 2462	-0.388951
	 2463	0.955925
	 2464	-1.12111
	 2465	-0.150735
	 2466	-0.213141
	 2467	-3.14848
	 2468	-0.17491
	 2469	-0.177092
	 2470	-2.4194
	 2471	-0.898922
	 2472	0.166193
	 2473	-0.414141
	 2474	-1.01905
	 2475	0.180897
	 2476	-0.171129
	 2477	-0.110143
	 2478	-0.167545
	 2479	-0.0790821
	 2480	0.103061
	 2481	2.32159
	 2482	-0.325751
	 2483	0.394023
	 2484	-1.57925
	 2485	0.0826836
	 2486	0.675934
	 2487	0.69246
	 2488	0.0177943
	 2489	-1.53522
	 2490	-0.187871
	 2491	-0.790726
	 2492	0.416435
	 2493	0.233258
	 2494	0.371641
	 2495	0.715136
	 2496	-0.185113
	 2497	-0.736712
	 2498	0.649426
	 2499	0.418341
	 2500	-0.44578
	 2501	-1.78146
	 2502	0.555132
	 2503	0.423912
	 2504	0.608024
	 2505	-0.474024
	 2506	1.27148
	 2507	0.0595376
	 2508	0.079245
	 2509	0.290433
	 2510	-2.22214
	 2511	0.13691
	 2512	-0.365188
	 2513	0.222783
	 2514	1.00401
	 2515	0.683341
	 2516	-0.429988
	 2517	0.572388
	 2518	0.738248
	 2519	1.06424
	 2520	0.810794
	 2521	0.318402
	 2522	1.21502
	 2523	-0.45432
	 2524	0.956227
	 2525	0.243809
	 2526	-3.22954
	 2527	-3.05053
	 2528	-0.114203
	 2529	0.345975
	 2530	-0.327256
	 2531	-0.283812
	 2532	0.0409481
	 2533	-0.186636
	 2534	0.308872
	 2535	0.844699
	 2536	5.10975
	 2537	-0.134698
	 2538	-0.463659
	 2539	0.91556
	 2540	0.838088
	 2541	0.511184
	 2542	0.250972
	 2543	-0.332122
	 2544	0.188441
	 2545	2.25331
	 2546	0.0441238
	 2547	-0.00254783
	 2548	5.57137
	 2549	0.375396
	 2550	-0.524512
	 2551	0.899536
	 2552	1.92526
	 2553	0.340332
	 2554	-0.303616
	 2555	0.485365
	 2556	0.443386
	 2557	0.891896
	 2558	0.735412
	 2559	0.767784
	 2560	-0.229312
	 2561	-0.174884
	 2562	0.534055
	 2563	0.48735
	 2564	-0.463381
	 2565	-0.148507
	 2566	-3.45612
	 2567	3.58051
	 2568	0.0122545
	 2569	0.370696
	 2570	0.680903
	 2571	-0.444911
	 2572	-0.699454
	 2573	0.657098
	 2574	0.423862
	 2575	-0.702124
	 2576	0.521061
	 2577	0.548526
	 2578	0.575326
	 2579	1.14608
	 2580	3.2264
	 2581	0.110526
	 2582	0.582419
	 2583	1.06171
	 2584	0.30261
	 2585	-0.172166
	 2586	2.21102
	 2587	-0.563338
	 2588	-0.445524
	 2589	-0.236322
	 2590	0.770387
	 2591	0.0966254
	 2592	-0.325764
	 2593	9.17305
	 2594	0.0309062
	 2595	0.348721
	 2596	-2.85507
	 2597	0.0686193
	 2598	0.295195
	 2599	0.440248
	 2600	-0.262705
	 2601	-0.220997
	 2602	1.09236
	 2603	1.71821
	 2604	-0.421956
	 2605	0.0266576
	 2606	0.297931
	 2607	1.12872
	 2608	1.49052
	 2609	1.3739
	 2610	-0.485964
	 2611	0.091731
	 2612	1.20456
	 2613	0.608649
	 2614	0.516823
	 2615	-0.101214
	 2616	0.539114
	 2617	0.0849422
	 2618	-0.251139
	 2619	0.353006
	 2620	-0.234979
	 2621	-0.302394
	 2622	0.831386
	 2623	2.59922
	 2624	-0.618751
	 2625	-0.274483
	 2626	-0.565298
	 2627	0.934265
	 2628	0.437492
	 2629	-0.666092
	 2630	-0.478184
	 2631	1.3068
	 2632	0.133793
	 2633	-1.76888
	 2634	1.662
	 2635	0.360472
	 2636	0.754833
	 2637	0.230122
	 2638	-2.4172
	 2639	0.139406
	 2640	-0.614845
	 2641	0.706874
	 2642	0.465933
	 2643	0.176275
	 2644	0.313808
	 2645	0.864453
	 2646	0.896843
	 2647	-0.187482
	 2648	-0.124548
	 2649	-1.36713
	 2650	0.276908
	 2651	-0.574182
	 2652	-0.775898
	 2653	0.509676
	 2654	1.52971
	 2655	0.407795
	 2656	-0.130929
	 2657	0.227993
	 2658	0.520751
	 2659	-0.49843
	 2660	2.93698
	 2661	-0.0725338
	 2662	0.226491
	 2663	0.592718
	 2664	1.16781
	 2665	-0.501875
	 2666	-1.17994
	 2667	0.265625
	 2668	-0.277498
	 2669	1.75807
	 2670	-0.0300631
	 2671	0.936707
	 2672	0.144898
	 2673	3.1015
	 2674	0.119091
	 2675	0.233574
	 2676	0.0145069
	 2677	1.38392
	 2678	0.157256
	 2679	-0.389487
	 2680	-0.836516
	 2681	0.426952
	 2682	0.215569
	 2683	-0.209178
	 2684	-5.53354
	 2685	-0.164759
	 2686	-1.22201
	 2687	-0.0659917
	 2688	-0.00359628
	 2689	0.4132
	 2690	0.629571
	 2691	-0.452648
	 2692	0.838845
	 2693	1.07844
	 2694	0.638219
	 2695	-0.374996
	 2696	0.157235
	 2697	0.315044
	 2698	-0.0991171
	 2699	0.804265
	 2700	-0.311556
	 2701	3.58166
	 2702	-0.303923
	 2703	-0.436208
	 2704	2.15786
	 2705	-0.293145
	 2706	-0.365153
	 2707	1.08227
	 2708	-0.0462006
	 2709	1.23682
	 2710	-1.12038
	 2711	-0.751915
	 2712	0.370817
	 2713	-1.13818
	 2714	-0.142304
	 2715	-0.48974
	 2716	0.0771459
	 2717	0.635164
	 2718	-0.382649
	 2719	0.000857056
	 2720	0.151986
	 2721	-0.368116
	 2722	-0.376659
	 2723	0.240123
	 2724	0.131212
	 2725	-0.233565
	 2726	-0.0509081
	 2727	0.410255
	 2728	0.063865
	 2729	-1.36616
	 2730	-0.0859532
	 2731	1.30877
	 2732	0.736
	 2733	-0.23095
	 2734	0.712899
	 2735	0.417067
	 2736	-1.26493
	 2737	-0.676875
	 2738	0.167392
	 2739	-0.13705
	 2740	-0.932146
	 2741	0.63185
	 2742	-0.683247
	 2743	-0.487483
	 2744	-1.19953
	 2745	0.23795
	 2746	0.0169213
	 2747	-0.910354
	 2748	0.276068
	 2749	-1.47551
	 2750	-0.628256
	 2751	0.589722
	 2752	-0.312513
	 2753	-1.11787
	 2754	-3.69254
	 2755	0.00297896
	 2756	0.188669
	 2757	0.437607
	 2758	-0.107645
	 2759	0.622502
	 2760	-0.138047
	 2761	-1.39405
	 2762	0.812605
	 2763	0.207091
	 2764	0.689418
	 2765	-1.61188
	 2766	-0.154303
	 2767	-0.243145
	 2768	0.0873614
	 2769	0.668133
	 2770	0.163838
	 2771	0.200365
	 2772	0.0424002
	 2773	-0.769247
	 2774	-0.238075
	 2775	0.724591
	 2776	-0.19174
	 2777	-0.14733
	 2778	-0.322881
	 2779	-0.46418
	 2780	-0.0749222
	 2781	0.137145
	 2782	-0.384342
	 2783	-0.448072
	 2784	1.56573
	 2785	-0.178363
	 2786	-0.0892183
	 2787	0.509947
	 2788	0.339828
	 2789	-0.652049
	 2790	0.385629
	 2791	-1.1375
	 2792	0.295468
	 2793	0.606888
	 2794	-0.146756
	 2795	0.227017
	 2796	0.597908
	 2797	-0.500365
	 2798	-0.167683
	 2799	-1.24136
	 2800	-0.976222
	 2801	1.00588
	 2802	-1.01147
	 2803	-0.336491
	 2804	-0.14282
	 2805	0.108746
	 2806	-0.755712
	 2807	-0.251264
	 2808	-0.528824
	 2809	-0.651506
	 2810	0.462928
	 2811	0.264206
	 2812	-0.209088
	 2813	0.477366
	 2814	0.00245722
	 2815	-0.287652
	 2816	0.11026
	 2817	-0.0917548
	 2818	0.677144
	 2819	0.375845
	 2820	0.542404
	 2821	1.04868
	 2822	1.29039
	 2823	0.267694
	 2824	0.0318742
	 2825	1.60661
	 2826	0.303924
	 2827	-0.947814
	 2828	1.47126
	 2829	-0.0200903
	 2830	-0.65416
	 2831	0.396518
	 2832	0.922579
	 2833	0.410012
	 2834	-0.205763
	 2835	0.656164
	 2836	-0.496172
	 2837	-0.457746
	 2838	-0.626377
	 2839	-0.584031
	 2840	2.45436
	 2841	-0.201979
	 2842	-0.198174
	 2843	-3.02682
	 2844	-0.397022
	 2845	0.558936
	 2846	-0.546421
	 2847	0.103755
	 2848	0.743402
	 2849	0.773415
	 2850	0.414891
	 2851	-0.239379
	 2852	0.807139
	 2853	0.961244
	 2854	1.41776
	 2855	0.240219
	 2856	0.519088
	 2857	0.483722
	 2858	0.866304
	 2859	0.795124
	 2860	0.124501
	 2861	0.778983
	 2862	-0.585562
	 2863	-0.464194
	 2864	-2.98861
	 2865	-0.17254
	 2866	0.0433478
	 2867	-1.28605
	 2868	-0.455139
	 2869	-0.531307
	 2870	-0.510406
	 2871	0.418241
	 2872	-0.0546418
	 2873	0.680715
	 2874	4.90425
	 2875	0.0547157
	 2876	-0.226324
	 2877	-0.648099
	 2878	-0.745984
	 2879	-0.849403
	 2880	-1.78667
	 2881	-0.639425
	 2882	-0.315837
	 2883	0.140847
	 2884	0.0619795
	 2885	-0.25588
	 2886	-0.819473
	 2887	-17.8641
	 2888	-0.0528829
	 2889	0.459515
	 2890	0.95408
	 2891	2.10669
	 2892	0.279579
	 2893	1.78407
	 2894	1.04666
	 2895	1.16535
	 2896	4.20125
	 2897	0.092908
	 2898	0.238155
	 2899	0.908411
	 2900	1.06866
	 2901	3.15027
	 2902	-0.627648
	 2903	0.298288
	 2904	-1.36814
	 2905	-0.330504
	 2906	-1.35791
	 2907	-1.44628
	 2908	-0.211945
	 2909	-2.59355
	 2910	-0.454544
	 2911	3.38946
	 2912	-0.146335
	 2913	0.358663
	 2914	0.661882
	 2915	1.07617
	 2916	0.612381
	 2917	1.11931
	 2918	0.864787
	 2919	0.665329
	 2920	3.23712
	 2921	0.0872294
	 2922	0.558845
	 2923	-0.0135823
	 2924	1.6037
	 2925	-0.0704225
	 2926	0.0560512
	 2927	1.10559
	 2928	-0.244202
	 2929	0.798291
	 2930	0.480291
	 2931	1.25947
	 2932	0.431343
	 2933	0.627751
	 2934	0.425449
	 2935	0.906071
	 2936	0.0163654
	 2937	-0.675335
	 2938	-0.496072
	 2939	-0.254797
	 2940	-0.0555682
	 2941	-1.10277
	 2942	-1.211
	 2943	-0.398506
	 2944	-0.886237
	 2945	-0.712863
	 2946	0.636015
	 2947	1.13253
	 2948	-0.191754
	 2949	3.2038
	 2950	0.224497
	 2951	1.20289
	 2952	0.516191
	 2953	1.19823
	 2954	0.810856
	 2955	1.62885
	 2956	0.429048
	 2957	1.10341
	 2958	1.26329
	 2959	0.622085
	 2960	1.67528
	 2961	0.185649
	 2962	0.374171
	 2963	-0.14496
	 2964	-0.0592779
	 2965	1.38309
	 2966	0.67141
	 2967	-1.38701
	 2968	-0.534861
	 2969	-0.750616
	 2970	1.54235
	 2971	-1.14023
	 2972	0.558667
	 2973	-0.710177
	 2974	0.0796582
	 2975	1.57187
	 2976	-0.635985
	 2977	0.910828
	 2978	0.415202
	 2979	0.37708
	 2980	-0.747099
	 2981	0.962143
	 2982	-0.0414787
	 2983	0.909684
	 2984	0.360185
	 2985	1.44209
	 2986	-0.0322833
	 2987	-0.0663095
	 2988	-0.0421634
	 2989	0.731185
	 2990	0.252556
	 2991	-0.769091
	 2992	-0.610487
	 2993	-1.44254
	 2994	-0.285609
	 2995	-0.714605
	 2996	2.05448
	 2997	0.443288
	 2998	-0.637105
	 2999	-0.917925
	 3000	-0.764861
	 3001	-2.08874
	 3002	-0.56909
	 3003	2.34009
	 3004	0.704366
	 3005	3.24836
	 3006	0.187047
	 3007	-0.549587
	 3008	0.242591
	 3009	1.73415
	 3010	0.386047
	 3011	1.3744
	 3012	0.19394
	 3013	3.14121
	 3014	0.162932
	 3015	0.598641
	 3016	-0.269834
	 3017	-0.636806
	 3018	-11.584
	 3019	-0.0377952
	 3020	-0.926098
	 3021	-0.979453
	 3022	-1.22326
	 3023	-0.606362
	 3024	1.02689
	 3025	0.51555
	 3026	-0.913969
	 3027	-0.0278235
	 3028	1.0308
	 3029	0.19623
	 3030	0.369883
	 3031	-3.84581
	 3032	0.10325
	 3033	-1.88526
	 3034	-0.944775
	 3035	0.437386
	 3036	-0.522039
	 3037	-1.89881
	 3038	-0.640501
	 3039	-0.4473
	 3040	0.705442
	 3041	-0.359899
	 3042	-0.288169
	 3043	4.17171
	 3044	0.37191
	 3045	0.498754
	 3046	0.679773
	 3047	0.548418
	 3048	0.25833
	 3049	1.01765
	 3050	0.400401
	 3051	0.521238
	 3052	0.382503
	 3053	1.2998
	 3054	-0.373185
	 3055	0.0191761
	 3056	-0.160292
	 3057	-1.37193
	 3058	-0.224923
	 3059	-2.54953
	 3060	-0.379384
	 3061	-1.2641
	 3062	-0.641965
	 3063	-6.90638
	 3064	-0.480545
	 3065	-0.182271
	 3066	-0.141751
	 3067	0.64934
	 3068	-1.19675
	 3069	-0.347138
	 3070	0.539925
	 3071	1.3549
	 3072	0.449731
	 3073	-2.06799
	 3074	-0.0393267
	 3075	1.04455
	 3076	0.82284
	 3077	1.51924
	 3078	0.471853
	 3079	0.777612
	 3080	-0.236068
	 3081	-0.0125371
	 3082	0.227616
	 3083	0.811886
	 3084	0.180615
	 3085	0.325877
	 3086	1.41694
	 3087	0.613914
	 3088	-0.494102
	 3089	0.212765
	 3090	0.948205
	 3091	-0.806405
	 3092	-0.19352
	 3093	-2.76935
	 3094	-0.280629
	 3095	-1.03272
	 3096	-0.50924
	 3097	-0.918747
	 3098	-0.769618
	 3099	-0.883753
	 3100	-1.03957
	 3101	-1.51216
	 3102	-0.574622
	 3103	-0.121607
	 3104	-0.133701
	 3105	-0.385358
	 3106	0.325727
	 3107	-0.0950745
	 3108	-1.1607
	 3109	2.46486
	 3110	0.25959
	 3111	0.446785
	 3112	-0.256134
	 3113	-0.311361
	 3114	0.165874
	 3115	-1.00569
	 3116	-0.432084
	 3117	-0.29141
	 3118	-1.19807
	 3119	-0.795218
	 3120	-0.714753
	 3121	-0.368666
	 3122	-1.29502
	 3123	-0.436137
	 3124	0.338585
	 3125	-1.48035
	 3126	-0.272117
	 3127	0.786155
	 3128	-0.0380072
	 3129	-1.11106
	 3130	-0.478135
	 3131	-1.18651
	 3132	-0.462888
	 3133	-2.46425
	 3134	-0.459516
	 3135	-1.38265
	 3136	-0.600131
	 3137	-0.0223704
	 3138	-0.136877
	 3139	0.245505
	 3140	-0.216582
	 3141	-0.48827
	 3142	-0.254282
	 3143	0.609992
	 3144	0.316585
	 3145	-0.614854
	 3146	-0.436257
	 3147	-0.385752
	 3148	5.25367
	 3149	0.0392392
	 3150	-0.447306
	 3151	-1.3483
	 3152	-0.919158
	 3153	-2.23894
	 3154	-0.233256
	 3155	-0.0795696
	 3156	0.0277119
	 3157	1.04175
	 3158	0.0351091
	 3159	0.301136
	 3160	0.630567
	 3161	-0.128241
	 3162	0.0241295
	 3163	0.996303
	 3164	-0.594331
	 3165	-0.235214
	 3166	-1.82215
	 3167	-1.08233
	 3168	0.659313
	 3169	0.245436
	 3170	0.268997
	 3171	-0.995597
	 3172	-0.957567
	 3173	-0.898224
	 3174	0.489448
	 3175	-0.714649
	 3176	-0.179961
	 3177	0.619343
	 3178	1.842
	 3179	-0.361905
	 3180	-1.5511
	 3181	-0.0854818
	 3182	0.903687
	 3183	0.503124
	 3184	0.53817
	 3185	0.765433
	 3186	0.686401
	 3187	0.295596
	 3188	0.257661
	 3189	0.70056
	 3190	1.00494
	 3191	2.25385
	 3192	0.23607
	 3193	-0.385948
	 3194	-0.0151982
	 3195	-0.514763
	 3196	-0.747239
	 3197	-1.06971
	 3198	-0.193859
	 3199	0.102098
	 3200	-0.383508
	 3201	-0.471761
	 3202	-0.133191
	 3203	-0.184755
	 3204	1.64118
	 3205	-0.0754553
	 3206	0.52472
	 3207	0.798562
	 3208	1.04864
	 3209	0.472014
	 3210	0.677536
	 3211	0.844884
	 3212	3.63571
	 3213	0.235856
	 3214	1.13928
	 3215	0.317642
	 3216	1.07948
	 3217	0.254442
	 3218	0.192159
	 3219	1.33937
	 3220	0.180534
	 3221	1.38176
	 3222	0.568671
	 3223	0.603376
	 3224	0.644284
	 3225	-0.709558
	 3226	0.771023
	 3227	0.83782
	 3228	1.44023
	 3229	-0.90339
	 3230	0.791523
	 3231	-0.374652
	 3232	0.0664931
	 3233	0.629158
	 3234	-0.132061
	 3235	0.679495
	 3236	0.850518
	 3237	0.216112
	 3238	-0.157834
	 3239	-13.9506
	 3240	0.537282
	 3241	0.084899
	 3242	2.07888
	 3243	0.133388
	 3244	0.329945
	 3245	0.966988
	 3246	0.67803
	 3247	0.140836
	 3248	0.393951
	 3249	1.07686
	 3250	0.221095
	 3251	-0.449177
	 3252	-0.792723
	 3253	0.535096
	 3254	-0.232792
	 3255	0.252574
	 3256	-0.111636
	 3257	-1.32713
	 3258	-0.231471
	 3259	-1.31629
	 3260	-1.42548
	 3261	-0.448924
	 3262	-0.444143
	 3263	-1.34891
	 3264	-0.998574
	 3265	-0.509921
	 3266	-0.382857
	 3267	-0.662388
	 3268	-0.361795
	 3269	-0.747368
	 3270	0.133821
	 3271	-0.369163
	 3272	-0.233657
	 3273	0.516875
	 3274	3.99758
	 3275	0.330998
	 3276	1.07447
	 3277	0.766022
	 3278	1.04374
	 3279	0.713786
	 3280	-0.364914
	 3281	-0.0678166
	 3282	1.18203
	 3283	-0.823539
	 3284	-0.708158
	 3285	-0.698363
	 3286	-1.42598
	 3287	-0.507816
	 3288	-3.4991
	 3289	-0.360119
	 3290	-1.21381
	 3291	-0.718619
	 3292	-0.836452
	 3293	0.332375
	 3294	-0.10936
	 3295	4.65439
	 3296	0.358545
	 3297	0.109418
	 3298	0.258613
	 3299	1.31339
	 3300	0.519948
	 3301	0.693984
	 3302	1.54066
	 3303	-0.0613207
	 3304	-0.260241
	 3305	-0.545425
	 3306	-0.0439858
	 3307	-0.562735
	 3308	0.127394
	 3309	2.32052
	 3310	-0.330639
	 3311	-0.393365
	 3312	-0.0578084
	 3313	0.204443
	 3314	0.532291
	 3315	-0.148513
	 3316	0.746606
	 3317	0.572833
	 3318	0.459101
	 3319	-0.0694578
	 3320	-0.422738
	 3321	-0.0902855
	 3322	-0.115558
	 3323	-0.171183
	 3324	0.648746
	 3325	0.291044
	 3326	-1.91607
	 3327	0.580121
	 3328	0.19997
	 3329	-0.220066
	 3330	-0.282338
	 3331	0.394558
	 3332	0.134914
	 3333	1.56501
	 3334	0.957245
	 3335	1.32692
	 3336	-0.659644
	 3337	0.298783
	 3338	0.17154
	 3339	0.266092
	 3340	-0.933551
	 3341	-0.0234646
	 3342	0.155435
	 3343	0.425563
	 3344	-0.871217
	 3345	-1.63563
	 3346	-0.440896
	 3347	0.373668
	 3348	-1.01626
	 3349	-0.546954
	 3350	-0.475811
	 3351	0.114137
	 3352	-1.02873
	 3353	-0.787395
	 3354	-0.366007
	 3355	0.93969
	 3356	0.384791
	 3357	0.0412524
	 3358	0.164635
	 3359	0.508422
	 3360	1.03256
	 3361	0.866887
	 3362	2.13284
	 3363	0.400001
	 3364	0.502304
	 3365	0.440161
	 3366	-0.129076
	 3367	-0.891354
	 3368	-0.41973
	 3369	-0.570035
	 3370	0.646386
	 3371	0.989039
	 3372	-0.15743
	 3373	-0.377314
	 3374	-1.63727
	 3375	-1.65545
	 3376	-0.182608
	 3377	-0.854716
	 3378	-0.465547
	 3379	0.167754
	 3380	0.202494
	 3381	-1.03349
	 3382	-0.631478
	 3383	-0.435791
	 3384	0.426199
	 3385	-0.689019
	 3386	0.518857
	 3387	0.770212
	 3388	0.0124863
	 3389	0.310633
	 3390	0.223903
	 3391	0.744191
	 3392	-0.123934
	 3393	0.253208
	 3394	-0.713334
	 3395	0.404728
	 3396	-1.43765
	 3397	-0.246519
	 3398	-2.57791
	 3399	-0.292176
	 3400	5.53961
	 3401	-0.0380559
	 3402	-1.13181
	 3403	-1.04137
	 3404	-2.05871
	 3405	-0.674544
	 3406	-0.0923573
	 3407	0.189212
	 3408	0.996532
	 3409	0.904895
	 3410	0.201685
	 3411	-0.497755
	 3412	-0.291679
	 3413	1.02035
	 3414	0.178656
	 3415	-0.544904
	 3416	-1.81407
	 3417	0.0955315
	 3418	-1.45439
	 3419	-0.290084
	 3420	-1.69791
	 3421	-0.870302
	 3422	-0.235067
	 3423	-0.443935
	 3424	-0.766273
	 3425	-0.961032
	 3426	-2.69123
	 3427	0.304632
	 3428	-0.285477
	 3429	-0.0822684
	 3430	0.152752
	 3431	0.575252
	 3432	0.254131
	 3433	-1.06231
	 3434	1.07656
	 3435	-0.149109
	 3436	-1.10072
	 3437	-0.487453
	 3438	1.67065
	 3439	0.460566
	 3440	1.29767
	 3441	0.0916091
	 3442	-0.693382
	 3443	-0.639853
	 3444	-0.120407
	 3445	-0.884315
	 3446	-0.657544
	 3447	1.30071
	 3448	0.420669
	 3449	0.286601
	 3450	0.203159
	 3451	0.527813
	 3452	0.263892
	 3453	1.01385
	 3454	0.209751
	 3455	-0.508072
	 3456	-1.02131
	 3457	-1.10255
	 3458	-0.731351
	 3459	-0.946969
	 3460	-1.26401
	 3461	-1.37088
	 3462	0.0926332
	 3463	-0.193598
	 3464	-1.49154
	 3465	0.543764
	 3466	0.0591716
	 3467	-0.538797
	 3468	1.23845
	 3469	0.851102
	 3470	0.167033
	 3471	0.478225
	 3472	0.50126
	 3473	-0.194846
	 3474	-0.50641
	 3475	0.135412
	 3476	-0.0820706
	 3477	-0.743874
	 3478	-0.823664
	 3479	-0.614439
	 3480	-0.364683
	 3481	-0.24646
	 3482	-0.383329
	 3483	-0.115257
	 3484	0.501627
	 3485	-0.626504
	 3486	0.0985536
	 3487	0.262205
	 3488	0.524315
	 3489	0.234897
	 3490	0.993545
	 3491	0.763837
	 3492	0.0772262
	 3493	-0.0493221
	 3494	0.579895
	 3495	2.02182
	 3496	-0.248496
	 3497	-0.503299
	 3498	-1.15433
	 3499	-0.206605
	 3500	-0.428756
	 3501	11.1668
	 3502	0.113311
	 3503	0.107677
	 3504	1.08937
	 3505	-0.412728
	 3506	3.85628
	 3507	-0.109502
	 3508	0.724253
	 3509	0.226718
	 3510	-2.17771
	 3511	0.157631
	 3512	-0.0547479
	 3513	1.22686
	 3514	0.179469
	 3515	-0.791322
	 3516	0.630371
	 3517	1.77787
	 3518	0.223348
	 3519	0.269454
	 3520	0.152856
	 3521	-7.83229
	 3522	-0.0895657
	 3523	1.01985
	 3524	0.200493
	 3525	5.99867
	 3526	-0.288424
	 3527	-0.0304238
	 3528	-0.22007
	 3529	1.06061
	 3530	0.417208
	 3531	-0.38992
	 3532	-0.345503
	 3533	-0.261373
	 3534	3.03963
	 3535	-0.290183
	 3536	0.00544336
	 3537	-0.766347
	 3538	-0.118526
	 3539	1.03786
	 3540	-1.33314
	 3541	0.0242676
	 3542	-4.14388
	 3543	-0.121753
	 3544	-0.35019
	 3545	-0.016241
	 3546	-0.132932
	 3547	0.144852
	 3548	-0.372551
	 3549	-3.09527
	 3550	0.231944
	 3551	-0.399445
	 3552	-0.124411
	 3553	0.160407
	 3554	-2.35386
	 3555	-0.387358
	 3556	-0.169681
	 3557	-0.85591
	 3558	-1.6233
	 3559	1.49425
	 3560	-1.3316
	 3561	-0.146744
	 3562	-1.31914
	 3563	-10.1347
	 3564	0.011343
	 3565	-0.0167975
	 3566	-1.31536
	 3567	-0.534176
	 3568	0.114356
	 3569	0.491503
	 3570	2.66829
	 3571	-0.319857
	 3572	0.0665775
	 3573	-0.256076
	 3574	0.27392
	 3575	0.175558
	 3576	0.157575
	 3577	-1.16074
	 3578	-0.879586
	 3579	0.458471
	 3580	-0.420238
	 3581	1.43864
	 3582	0.349429
	 3583	0.16749
	 3584	-0.762485
	 3585	-0.565059
	 3586	-0.784216
	 3587	-0.534893
	 3588	0.221031
	 3589	0.679383
	 3590	0.709587
	 3591	0.214611
	 3592	0.944351
	 3593	0.939527
	 3594	-0.272803
	 3595	2.07344
	 3596	0.246249
	 3597	1.91048
	 3598	0.298938
	 3599	1.18719
	 3600	0.365523
	 3601	0.417445
	 3602	1.03159
	 3603	0.547402
	 3604	2.49835
	 3605	-1.54615
	 3606	-0.0330377
	 3607	0.426127
	 3608	-0.811083
	 3609	-1.74159
	 3610	-0.60188
	 3611	0.426084
	 3612	-0.610661
	 3613	0.132719
	 3614	0.284843
	 3615	-0.98574
	 3616	1.36076
	 3617	0.243038
	 3618	1.76915
	 3619	0.373288
	 3620	1.10512
	 3621	0.575946
	 3622	2.02618
	 3623	0.346762
	 3624	0.58981
	 3625	0.594397
	 3626	0.970892
	 3627	0.255816
	 3628	0.616094
	 3629	-0.482233
	 3630	1.01545
	 3631	0.848443
	 3632	0.320779
	 3633	-3.36427
	 3634	-0.460014
	 3635	-0.509693
	 3636	0.025906
	 3637	-0.261255
	 3638	5.34789
	 3639	-0.308283
	 3640	-0.566687
	 3641	-0.961643
	 3642	0.0925944
	 3643	-0.179441
	 3644	-0.369017
	 3645	0.825264
	 3646	-0.458445
	 3647	-0.448761
	 3648	1.1032
	 3649	0.461669
	 3650	-0.987822
	 3651	-1.06459
	 3652	0.460525
	 3653	0.37371
	 3654	0.126739
	 3655	-0.975169
	 3656	8.7547
	 3657	-0.0769402
	 3658	-0.262254
	 3659	-0.132172
	 3660	1.08696
	 3661	-0.704319
	 3662	-0.951628
	 3663	-0.390591
	 3664	0.00724979
	 3665	-2.44024
	 3666	-0.337438
	 3667	2.35591
	 3668	-0.000904701
	 3669	0.046629
	 3670	-0.946572
	 3671	-0.615043
	 3672	3.56662
	 3673	0.178523
	 3674	0.0774914
	 3675	-1.53006
	 3676	-0.673676
	 3677	-0.00986839
	 3678	-0.245792
	 3679	1.56838
	 3680	0.323164
	 3681	-0.0652199
	 3682	0.518389
	 3683	0.283014
	 3684	3.90357
	 3685	0.468618
	 3686	-0.236308
	 3687	-0.306631
	 3688	-0.134563
	 3689	-0.421212
	 3690	-0.42364
	 3691	-2.5836
	 3692	-0.495292
	 3693	-0.0781985
	 3694	-0.390591
	 3695	-1.17283
	 3696	-1.63336
	 3697	-0.54936
	 3698	-0.639007
	 3699	-0.0661476
	 3700	0.482926
	 3701	-1.73159
	 3702	-0.177448
	 3703	1.16074
	 3704	0.800788
	 3705	0.992511
	 3706	1.41129
	 3707	0.84133
	 3708	0.626934
	 3709	-0.403462
	 3710	-0.818834
	 3711	-2.58573
	 3712	-0.724751
	 3713	-0.758087
	 3714	-0.536586
	 3715	-0.472607
	 3716	-0.695304
	 3717	-0.43363
	 3718	-6.81946
	 3719	0.304894
	 3720	-0.344522
	 3721	0.483883
	 3722	0.83143
	 3723	1.15882
	 3724	1.06598
	 3725	0.7683
	 3726	0.887997
	 3727	1.26071
	 3728	1.28822
	 3729	0.54734
	 3730	0.617425
	 3731	0.441763
	 3732	-1.0411
	 3733	-0.579668
	 3734	-1.22287
	 3735	-1.5829
	 3736	-0.119054
	 3737	-0.847176
	 3738	-2.05465
	 3739	-1.37876
	 3740	1.4239
	 3741	0.783776
	 3742	0.0375856
	 3743	0.41429
	 3744	2.00645
	 3745	0.42505
	 3746	1.08524
	 3747	0.396876
	 3748	1.18877
	 3749	0.875957
	 3750	0.202218
	 3751	0.438681
	 3752	-0.664818
	 3753	-0.855797
	 3754	-0.381796
	 3755	-0.821802
	 3756	-0.673692
	 3757	-0.501147
	 3758	-1.84931
	 3759	-0.453021
	 3760	-0.269592
	 3761	0.0669795
	 3762	-0.645893
	 3763	0.809416
	 3764	0.363673
	 3765	0.566244
	 3766	6.3621
	 3767	0.100124
	 3768	0.881225
	 3769	0.652222
	 3770	-0.149877
	 3771	1.05231
	 3772	-0.701805
	 3773	-0.22185
	 3774	-0.536943
	 3775	-0.456174
	 3776	-1.10008
	 3777	-0.313788
	 3778	-0.20373
	 3779	0.0845551
	 3780	-0.567197
	 3781	-0.409006
	 3782	-0.672284
	 3783	-0.212807
	 3784	0.610614
	 3785	-0.417931
	 3786	0.211454
	 3787	1.01479
	 3788	0.64622
	 3789	-0.562254
	 3790	1.24503
	 3791	0.0293363
	 3792	-0.376577
	 3793	-1.33601
	 3794	-1.51849
	 3795	-0.652486
	 3796	-0.444378
	 3797	-4.23291
	 3798	-0.198714
	 3799	-2.16189
	 3800	-0.657887
	 3801	0.858928
	 3802	1.66311
	 3803	0.181403
	 3804	-0.151679
	 3805	-0.00206125
	 3806	-0.281313
	 3807	0.612015
	 3808	0.492189
	 3809	0.411412
	 3810	0.512019
	 3811	1.67391
	 3812	-0.817593
	 3813	-0.0676591
	 3814	0.606479
	 3815	0.073997
	 3816	2.56665
	 3817	-0.105825
	 3818	0.0286314
	 3819	0.0776176
	 3820	0.209923
	 3821	-0.385766
	 3822	-0.631283
	 3823	-0.186455
	 3824	-0.642775
	 3825	-0.549978
	 3826	0.0874441
	 3827	0.821097
	 3828	-0.64704
	 3829	-0.683827
	 3830	-1.19757
	 3831	0.778568
	 3832	-0.568786
	 3833	-0.725152
	 3834	-0.865758
	 3835	0.230839
	 3836	-0.386404
	 3837	0.18986
	 3838	0.240689
	 3839	-2.2776
	 3840	0.398952
	 3841	0.250725
	 3842	-0.514456
	 3843	-2.82848
	 3844	-0.0462734
	 3845	0.275263
	 3846	-0.213405
	 3847	-0.375432
	 3848	-0.765917
	 3849	-0.268276
	 3850	-2.29468
	 3851	0.617275
	 3852	0.581354
	 3853	2.1529
	 3854	-0.403658
	 3855	-0.860162
	 3856	0.00878471
	 3857	1.22892
	 3858	0.38133
	 3859	1.67774
	 3860	0.602959
	 3861	0.916645
	 3862	0.757464
	 3863	0.0227434
	 3864	-1.52408
	 3865	0.226439
	 3866	-0.130691
	 3867	-2.59788
	 3868	0.094132
	 3869	-0.255818
	 3870	-0.721401
	 3871	13.2848
	 3872	0.0494574
	 3873	0.352553
	 3874	0.843567
	 3875	0.674277
	 3876	0.416281
	 3877	0.921489
	 3878	0.847034
	 3879	0.750535
	 3880	1.11845
	 3881	1.05765
	 3882	0.191509
	 3883	0.0991998
	 3884	-0.530536
	 3885	0.359713
	 3886	0.669491
	 3887	-0.284991
	 3888	0.106424
	 3889	-0.646308
	 3890	-1.14447
	 3891	-2.81124
	 3892	-0.0858523
	 3893	-0.603466
	 3894	0.341392
	 3895	1.18238
	 3896	0.846707
	 3897	1.00583
	 3898	0.306137
	 3899	0.459142
	 3900	2.76082
	 3901	0.361894
	 3902	1.27562
	 3903	0.548126
	 3904	-0.204845
	 3905	1.83473
	 3906	-0.0274699
	 3907	-2.0958
	 3908	0.00780995
	 3909	0.194983
	 3910	0.0958878
	 3911	-0.691653
	 3912	-0.783874
	 3913	-0.646331
	 3914	-0.481528
	 3915	-0.914215
	 3916	-0.158692
	 3917	-1.09304
	 3918	-0.72133
	 3919	-0.15656
	 3920	0.226384
	 3921	0.83151
	 3922	2.85252
	 3923	0.195252
	 3924	-0.24621
	 3925	-0.719877
	 3926	-1.2719
	 3927	-0.728936
	 3928	1.31446
	 3929	2.03853
	 3930	-0.0471705
	 3931	0.142013
	 3932	-1.31543
	 3933	2.32789
	 3934	0.128159
	 3935	-0.127354
	 3936	0.894494
	 3937	0.602741
	 3938	0.92543
	 3939	0.693516
	 3940	0.525297
	 3941	0.751146
	 3942	1.09398
	 3943	0.284269
	 3944	-2.12489
	 3945	0.174529
	 3946	-0.176265
	 3947	-0.262039
	 3948	-1.11017
	 3949	-0.119726
	 3950	-1.54882
	 3951	-0.702458
	 3952	-0.904341
	 3953	-0.5266
	 3954	-0.892798
	 3955	1.11001
	 3956	0.60944
	 3957	3.65622
	 3958	0.0100847
	 3959	-2.58874
	 3960	-0.26929
	 3961	0.808911
	 3962	1.63515
	 3963	-0.901612
	 3964	0.0651724
	 3965	0.129678
	 3966	-0.103517
	 3967	0.0875611
	 3968	-0.558782
	 3969	-2.23719
	 3970	-0.291634
	 3971	0.450969
	 3972	0.303191
	 3973	-3.32181
	 3974	0.0215476
	 3975	1.37226
	 3976	0.363493
	 3977	0.614951
	 3978	0.0961511
	 3979	0.64555
	 3980	0.653473
	 3981	0.563282
	 3982	0.483637
	 3983	1.16423
	 3984	0.959606
	 3985	-0.0070521
	 3986	-0.427765
	 3987	-1.07768
	 3988	-1.18452
	 3989	-1.56666
	 3990	-0.291294
	 3991	-1.21857
	 3992	-0.453084
	 3993	-0.0398983
	 3994	1.19363
	 3995	0.308321
	 3996	-0.052404
	 3997	0.0256815
	 3998	-0.93043
	 3999	0.506596
	 4000	0.495684
	 4001	1.7361
	 4002	0.565504
	 4003	1.11801
	 4004	1.03871
	 4005	-26.6475
	 4006	-0.0141014
	 4007	-0.497291
	 4008	-0.40315
	 4009	0.293709
	 4010	1.56986
	 4011	-0.408232
	 4012	-0.423481
	 4013	-2.21466
	 4014	-1.03769
	 4015	-0.728167
	 4016	0.271116
	 4017	-0.0653519
	 4018	0.702182
	 4019	0.598646
	 4020	1.18324
	 4021	0.397118
	 4022	0.672746
	 4023	2.63515
	 4024	0.257751
	 4025	1.91697
	 4026	0.551246
	 4027	0.721409
	 4028	0.336692
	 4029	0.27869
	 4030	-0.107654
	 4031	-0.88766
	 4032	-0.0795406
	 4033	-0.856215
	 4034	-0.202102
	 4035	-1.93795
	 4036	-0.417748
	 4037	-0.602276
	 4038	0.13815
	 4039	-0.80919
	 4040	-0.405952
	 4041	-0.87776
	 4042	0.729377
	 4043	0.966306
	 4044	0.704137
	 4045	0.980939
	 4046	0.699903
	 4047	1.46858
	 4048	-0.0327105
	 4049	-0.212482
	 4050	0.31964
	 4051	0.208941
	 4052	0.28046
	 4053	-0.11216
	 4054	-1.0308
	 4055	-0.354887
	 4056	-0.345938
	 4057	-1.59573
	 4058	-0.155849
	 4059	-0.49426
	 4060	0.7537
	 4061	-0.199961
	 4062	0.354669
	 4063	1.70364
	 4064	-1.02891
	 4065	0.346309
	 4066	0.491713
	 4067	-0.024216
	 4068	0.387487
	 4069	0.234283
	 4070	0.35814
	 4071	1.30055
	 4072	0.489112
	 4073	0.530606
	 4074	0.0296258
	 4075	-0.476099
	 4076	-1.0084
	 4077	-0.808999
	 4078	-0.595117
	 4079	-4.77787
	 4080	0.154219
	 4081	-0.0512894
	 4082	1.19753
	 4083	0.32995
	 4084	1.21871
	 4085	0.0546187
	 4086	0.192951
	 4087	0.451873
	 4088	0.737939
	 4089	1.29873
	 4090	-0.43932
	 4091	-1.10754
	 4092	-0.598257
	 4093	-0.659399
	 4094	-1.20079
	 4095	-0.295376
	 4096	-0.814156
	 4097	-0.810145
	 4098	-1.18924
	 4099	-5.21396
	 4100	-1.02912
	 4101	0.539267
	 4102	-0.0490835
	 4103	0.310024
	 4104	0.866903
	 4105	3.16516
	 4106	0.552556
	 4107	0.274821
	 4108	0.894972
	 4109	0.421134
	 4110	-0.0655116
	 4111	2.58827
	 4112	0.00619045
	 4113	-2.77597
	 4114	-0.473895
	 4115	0.32562
	 4116	-0.454728
	 4117	-1.09973
	 4118	0.0171258
	 4119	0.115119
	 4120	-1.03164
	 4121	-0.727091
	 4122	1.28767
	 4123	0.11228
	 4124	0.587979
	 4125	0.390192
	 4126	1.5324
	 4127	0.51407
	 4128	0.576153
	 4129	0.558763
	 4130	-2.28232
	 4131	0.170928
	 4132	-1.23706
	 4133	-0.308181
	 4134	0.902906
	 4135	-0.132041
	 4136	-1.54156
	 4137	0.062228
	 4138	-0.634232
	 4139	-0.233332
	 4140	-5.99946
	 4141	-0.0661406
	 4142	0.974469
	 4143	0.20568
	 4144	0.122821
	 4145	1.05618
	 4146	0.85128
	 4147	0.561958
	 4148	-2.70235
	 4149	-0.191339
	 4150	-0.15789
	 4151	0.492777
	 4152	-0.671851
	 4153	-1.9813
	 4154	0.133503
	 4155	0.510158
	 4156	0.0523717
	 4157	-1.06129
	 4158	-0.0583309
	 4159	-0.754775
	 4160	-0.0182286
	 4161	0.645041
	 4162	0.583116
	 4163	0.814493
	 4164	-0.54243
	 4165	0.228053
	 4166	1.60658
	 4167	0.865644
	 4168	0.364133
	 4169	3.95649
	 4170	-0.32
	 4171	0.195331
	 4172	-0.122119
	 4173	-0.980353
	 4174	-2.22087
	 4175	-0.266768
	 4176	-1.9358
	 4177	-0.33194
	 4178	-2.10094
	 4179	-0.996876
	 4180	1.30125
	 4181	-0.00805588
	 4182	1.15581
	 4183	0.738569
	 4184	1.10159
	 4185	0.600965
	 4186	0.526025
	 4187	0.944823
	 4188	1.27222
	 4189	0.471257
	 4190	0.691686
	 4191	-1.28508
	 4192	-1.58388
	 4193	-0.165703
	 4194	0.522105
	 4195	-1.39118
	 4196	-0.272891
	 4197	-0.370147
	 4198	-1.01594
	 4199	0.654707
	 4200	-0.314246
	 4201	0.28366
	 4202	1.09672
	 4203	0.727386
	 4204	1.34566
	 4205	0.792249
	 4206	0.624198
	 4207	0.949026
	 4208	2.20221
	 4209	-0.344265
	 4210	0.116693
	 4211	-1.78287
	 4212	-0.321727
	 4213	-2.89461
	 4214	-0.396181
	 4215	0.668198
	 4216	-0.261576
	 4217	-6.5961
	 4218	-0.342822
	 4219	-0.867792
	 4220	0.305629
	 4221	1.30061
	 4222	0.0270102
	 4223	-0.125838
	 4224	1.19094
	 4225	0.979151
	 4226	0.734785
	 4227	0.594375
	 4228	0.242851
	 4229	2.12799
	 4230	0.682216
	 4231	1.62057
	 4232	0.0984911
	 4233	-0.210234
	 4234	-1.30138
	 4235	1.0153
	 4236	-0.515547
	 4237	0.142338
	 4238	0.714857
	 4239	-0.00152382
	 4240	-3.35848
	 4241	-0.159954
	 4242	0.764266
	 4243	0.907986
	 4244	0.489421
	 4245	1.03262
	 4246	0.175215
	 4247	0.396796
	 4248	2.52718
	 4249	-0.333507
	 4250	-0.240262
	 4251	-0.265305
	 4252	-0.540813
	 4253	-3.57135
	 4254	0.190322
	 4255	-0.829004
	 4256	-0.694409
	 4257	0.440878
	 4258	0.120219
	 4259	0.382117
	 4260	1.01725
	 4261	1.06374
	 4262	1.03824
	 4263	0.784565
	 4264	2.7069
	 4265	-0.715177
	 4266	-0.00939959
	 4267	2.40715
	 4268	0.862892
	 4269	0.18007
	 4270	-0.633334
	 4271	-2.69821
	 4272	0.750905
	 4273	0.00363734
	 4274	-0.835978
	 4275	-1.65917
	 4276	-0.417939
	 4277	-1.59665
	 4278	-0.16715
	 4279	-0.474493
	 4280	0.880436
	 4281	0.547974
	 4282	0.959983
	 4283	0.194906
	 4284	0.372361
	 4285	0.657612
	 4286	0.916093
	 4287	1.05367
	 4288	-3.54572
	 4289	0.46156
	 4290	0.0785656
	 4291	-0.295437
	 4292	0.963503
	 4293	-0.365154
	 4294	-0.649908
	 4295	-0.438735
	 4296	-3.15221
	 4297	0.0309215
	 4298	-0.253019
	 4299	-0.435009
	 4300	-0.0590432
	 4301	0.0430548
	 4302	-1.60887
	 4303	0.540778
	 4304	0.34365
	 4305	0.964329
	 4306	1.13837
	 4307	0.668844
	 4308	0.484904
	 4309	0.703837
	 4310	1.7674
	 4311	0.41506
	 4312	2.42597
	 4313	0.595058
	 4314	-0.307561
	 4315	-0.263906
	 4316	0.627051
	 4317	-1.32633
	 4318	0.521101
	 4319	-0.162249
	 4320	-2.07553
	 4321	-1.11438
	 4322	-0.670017
	 4323	0.296899
	 4324	0.338734
	 4325	1.03023
	 4326	0.382633
	 4327	-0.0433973
	 4328	-1.45908
	 4329	-0.237466
	 4330	0.000785796
	 4331	1.27309
	 4332	-0.126323
	 4333	-0.303839
	 4334	-1.11707
	 4335	-0.604919
	 4336	-1.31809
	 4337	-0.482542
	 4338	-0.866245
	 4339	-1.06022
	 4340	-0.821682
	 4341	-0.461361
	 4342	-1.52346
	 4343	1.52592
	 4344	0.0694977
	 4345	-0.736505
	 4346	0.219411
	 4347	3.80078
	 4348	0.744971
	 4349	0.148117
	 4350	0.268149
	 4351	0.301894
	 4352	-0.422196
	 4353	-0.643362
	 4354	0.0304927
	 4355	-5.27117
	 4356	0.100977
	 4357	-0.948825
	 4358	-0.936408
	 4359	-1.03757
	 4360	0.86016
	 4361	0.141869
	 4362	-0.366165
	 4363	-0.674527
	 4364	1.04968
	 4365	0.361905
	 4366	0.357515
	 4367	-18.1138
	 4368	0.0154015
	 4369	-0.67305
	 4370	-2.90077
	 4371	-0.426084
	 4372	-0.968683
	 4373	-0.481782
	 4374	-0.516541
	 4375	0.61921
	 4376	1.5344
	 4377	0.569188
	 4378	-0.30632
	 4379	-0.812577
	 4380	-1.33226
	 4381	-0.0370501
	 4382	0.201969
	 4383	1.44531
	 4384	0.391006
	 4385	0.714605
	 4386	1.75769
	 4387	0.467711
	 4388	1.30086
	 4389	0.132228
	 4390	0.564318
	 4391	0.0883155
	 4392	-0.517605
	 4393	-5.56424
	 4394	0.321745
	 4395	-0.0566806
	 4396	-1.51515
	 4397	-0.824227
	 4398	0.115975
	 4399	-0.259898
	 4400	1.12542
	 4401	-0.175472
	 4402	0.0214323
	 4403	0.793365
	 4404	-1.01346
	 4405	-0.554578
	 4406	0.701196
	 4407	0.535679
	 4408	0.567351
	 4409	0.0484506
	 4410	-0.197154
	 4411	-0.0860405
	 4412	-0.279977
	 4413	-1.39914
	 4414	0.488297
	 4415	0.546745
	 4416	-4.26358
	 4417	0.388967
	 4418	0.147117
	 4419	-1.77396
	 4420	0.672442
	 4421	0.395215
	 4422	-0.228469
	 4423	-0.27096
	 4424	1.07794
	 4425	-0.127105
	 4426	-0.0721839
	 4427	0.836466
	 4428	1.17632
	 4429	-0.855664
	 4430	-0.328147
	 4431	1.12271
	 4432	0.461954
	 4433	0.466877
	 4434	-0.0435464
	 4435	1.3306
	 4436	0.772779
	 4437	0.514871
	 4438	2.02508
	 4439	0.624287
	 4440	-0.989967
	 4441	-0.208504
	 4442	-0.00588766
	 4443	0.641518
	 4444	1.39465
	 4445	1.1934
	 4446	-0.318889
	 4447	-0.131296
	 4448	1.13167
	 4449	0.658711
	 4450	0.609987
	 4451	1.19053
	 4452	0.351858
	 4453	0.555001
	 4454	0.844606
	 4455	0.934446
	 4456	0.95394
	 4457	0.0399918
	 4458	-0.521782
	 4459	-0.522907
	 4460	0.220087
	 4461	-0.0316552
	 4462	-0.584909
	 4463	-0.757139
	 4464	-2.57135
	 4465	-0.0120541
	 4466	0.153927
	 4467	-1.97634
	 4468	-0.41996
	 4469	-0.209171
	 4470	-0.586568
	 4471	-0.331844
	 4472	2.82995
	 4473	-0.0249634
	 4474	-0.782262
	 4475	0.676968
	 4476	3.99578
	 4477	0.107888
	 4478	0.371934
	 4479	-0.531077
	 4480	-4.50519
	 4481	-0.0858198
	 4482	-0.232283
	 4483	0.469565
	 4484	1.88487
	 4485	0.184734
	 4486	-1.51778
	 4487	-0.376239
	 4488	-1.10047
	 4489	-1.07447
	 4490	-0.892779
	 4491	-0.769111
	 4492	-0.447807
	 4493	-1.86978
	 4494	0.579087
	 4495	-0.129203
	 4496	-0.52595
	 4497	1.64801
	 4498	0.00900846
	 4499	-1.94564
	 4500	-0.203854
	 4501	2.34843e-05
	 4502	-0.080474
	 4503	-0.483574
	 4504	0.350638
	 4505	-0.274512
	 4506	-0.419836
	 4507	-0.405542
	 4508	0.240591
	 4509	-0.677547
	 4510	0.55442
	 4511	0.701404
	 4512	1.32674
	 4513	1.0937
	 4514	0.336386
	 4515	0.941303
	 4516	0.679067
	 4517	1.10721
	 4518	0.355838
	 4519	0.547892
	 4520	0.352618
	 4521	1.38021
	 4522	1.17235
	 4523	0.179237
	 4524	0.845313
	 4525	0.592545
	 4526	0.82791
	 4527	0.818394
	 4528	-0.183107
	 4529	0.493455
	 4530	0.91198
	 4531	0.132251
	 4532	-1.09125
	 4533	-1.63958
	 4534	0.264426
	 4535	0.293115
	 4536	-0.809772
	 4537	1.38167
	 4538	-0.0445353
	 4539	-0.977732
	 4540	6.06166
	 4541	0.0197505
	 4542	1.23876
	 4543	0.000942132
	 4544	-0.339253
	 4545	0.749441
	 4546	0.742642
	 4547	0.519555
	 4548	0.195927
	 4549	-0.978117
	 4550	2.05106
	 4551	0.312658
	 4552	0.139995
	 4553	0.779859
	 4554	0.402434
	 4555	2.03599
	 4556	0.55767
	 4557	-0.343334
	 4558	2.56041
	 4559	0.183048
	 4560	3.52941
	 4561	0.11881
	 4562	0.78409
	 4563	0.850936
	 4564	0.723557
	 4565	0.632233
	 4566	0.879642
	 4567	0.562018
	 4568	2.06331
	 4569	-1.2111
	 4570	0.11436
	 4571	-2.54559
	 4572	-0.518176
	 4573	0.241124
	 4574	0.257368
	 4575	-0.510675
	 4576	0.0247005
	 4577	0.249239
	 4578	0.502302
	 4579	1.02849
	 4580	0.31554
	 4581	-0.953506
	 4582	0.490753
	 4583	0.211543
	 4584	1.21206
	 4585	-3.15868
	 4586	0.343766
	 4587	0.223584
	 4588	-0.285535
	 4589	0.662391
	 4590	1.12999
	 4591	0.0574387
	 4592	-0.471634
	 4593	2.08006
	 4594	0.0679426
	 4595	-0.774878
	 4596	-2.99789
	 4597	0.219368
	 4598	-0.101865
	 4599	-0.578704
	 4600	0.640573
	 4601	0.745982
	 4602	-4.43745
	 4603	0.151015
	 4604	0.811342
	 4605	0.188289
	 4606	2.31509
	 4607	1.39441
	 4608	-3.28432
	 4609	-0.110213
	 4610	-0.572377
	 4611	0.241783
	 4612	-0.189244
	 4613	-0.408279
	 4614	-0.55234
	 4615	-0.334139
	 4616	0.368169
	 4617	-1.76026
	 4618	0.136206
	 4619	0.409618
	 4620	0.0526444
	 4621	-0.0820564
	 4622	-1.8101
	 4623	0.417557
	 4624	0.668076
	 4625	0.722488
	 4626	-0.743499
	 4627	-0.00113472
	 4628	0.741113
	 4629	0.00933524
	 4630	0.0580077
	 4631	0.324395
	 4632	0.627812
	 4633	-0.09493
	 4634	0.0184928
	 4635	0.518555
	 4636	0.547444
	 4637	-0.582096
	 4638	-0.978995
	 4639	-0.2471
	 4640	0.0747678
	 4641	8.67009
	 4642	0.0289414
	 4643	-0.0335212
	 4644	-5.60763
	 4645	-0.127946
	 4646	0.497873
	 4647	-0.788839
	 4648	-0.502624
	 4649	-0.804232
	 4650	-2.43108
	 4651	-0.141608
	 4652	-0.747081
	 4653	-0.846519
	 4654	-1.88882
	 4655	0.536035
	 4656	-0.360503
	 4657	0.0922532
	 4658	0.462824
	 4659	-0.839786
	 4660	-0.0583701
	 4661	-1.61763
	 4662	-0.24135
	 4663	-20.6197
	 4664	0.0515775
	 4665	0.230512
	 4666	2.16902
	 4667	0.00733196
	 4668	0.391866
	 4669	-2.49927
	 4670	0.0887041
	 4671	1.09214
	 4672	0.846566
	 4673	-0.944962
	 4674	0.209961
	 4675	-0.330548
	 4676	0.0519774
	 4677	0.459517
	 4678	-0.594009
	 4679	1.36673
	 4680	0.182813
	 4681	0.732959
	 4682	0.810164
	 4683	0.577428
	 4684	0.18242
	 4685	1.33721
	 4686	1.2388
	 4687	0.462747
	 4688	1.37625
	 4689	0.612419
	 4690	1.00178
	 4691	1.86438
	 4692	0.274781
	 4693	-0.381153
	 4694	4.86945
	 4695	0.424526
	 4696	0.69449
	 4697	-1.53005
	 4698	0.685656
	 4699	0.363443
	 4700	0.626237
	 4701	1.51482
	 4702	0.316685
	 4703	3.46624
	 4704	0.363591
	 4705	-0.0283681
	 4706	0.115437
	 4707	1.88046
	 4708	0.553901
	 4709	0.000887822
	 4710	-0.330367
	 4711	-1.26527
	 4712	-0.319125
	 4713	4.12452
	 4714	0.178317
	 4715	0.453972
	 4716	-1.54598
	 4717	-0.0405511
	 4718	-0.562764
	 4719	-0.821594
	 4720	0.176555
	 4721	0.506729
	 4722	0.462245
	 4723	-0.668904
	 4724	-0.54848
	 4725	3.29521
	 4726	0.266338
	 4727	-0.472986
	 4728	1.09779
	 4729	-0.747785
	 4730	0.105663
	 4731	-0.505379
	 4732	-0.155564
	 4733	-0.0646039
	 4734	-0.514466
	 4735	8.67928
	 4736	0.0554114
	 4737	0.789022
	 4738	-1.75576
	 4739	-0.715948
	 4740	-1.2064
	 4741	-0.284898
	 4742	0.52468
	 4743	-0.257493
	 4744	-0.323527
	 4745	-4.29826
	 4746	-0.581748
	 4747	1.40763
	 4748	0.512296
	 4749	0.590525
	 4750	0.204034
	 4751	0.319654
	 4752	5.11141
	 4753	0.258215
	 4754	0.0997503
	 4755	0.753265
	 4756	1.34054
	 4757	4.13177
	 4758	0.143996
	 4759	-0.303851
	 4760	-4.37414
	 4761	0.207308
	 4762	-0.365945
	 4763	-0.257383
	 4764	0.97999
	 4765	-0.636851
	 4766	-0.105668
	 4767	-1.46493
	 4768	-0.391768
	 4769	-8.96914
	 4770	-0.0660006
	 4771	-1.93885
	 4772	-0.339559
	 4773	-0.726806
	 4774	-0.435649
	 4775	0.346583
	 4776	-0.0521108
	 4777	-1.73378
	 4778	-0.155247
	 4779	-0.902617
	 4780	-0.286256
	 4781	-0.705832
	 4782	-1.45516
	 4783	0.709571
	 4784	0.149445
	 4785	1.2526
	 4786	-0.0623561
	 4787	0.82765
	 4788	-0.200284
	 4789	-0.313119
	 4790	-0.134994
	 4791	-0.940671
	 4792	1.16838
	 4793	-0.363224
	 4794	2.01163
	 4795	0.465445
	 4796	-0.12934
	 4797	0.276782
	 4798	0.967804
	 4799	0.762734
	 4800	-2.56523
	 4801	0.757772
	 4802	0.318366
	 4803	0.342112
	 4804	0.715918
	 4805	0.915194
	 4806	0.955216
	 4807	0.977414
	 4808	0.354815
	 4809	0.894002
	 4810	0.769582
	 4811	0.656989
	 4812	0.930787
	 4813	0.46901
	 4814	1.22707
	 4815	0.771181
	 4816	1.20605
	 4817	1.86741
	 4818	0.4797
	 4819	0.255083
	 4820	0.894287
	 4821	1.03971
	 4822	0.0896802
	 4823	0.559643
	 4824	0.447507
	 4825	-0.86229
	 4826	0.355853
	 4827	-0.384856
	 4828	0.348554
	 4829	1.17085
	 4830	0.427022
	 4831	-0.242427
	 4832	0.518403
	 4833	0.084993
	 4834	-0.35747
	 4835	-0.695802
	 4836	-1.41488
	 4837	-0.286478
	 4838	0.129025
	 4839	0.294029
	 4840	-0.0780168
	 4841	-1.94305
	 4842	1.55934
	 4843	0.352981
	 4844	0.455558
	 4845	1.66823
	 4846	-0.0550289
	 4847	-0.138655
	 4848	-1.51675
	 4849	0.0184768
	 4850	0.524897
	 4851	1.16504
	 4852	0.0885027
	 4853	0.100125
	 4854	-2.23679
	 4855	0.541055
	 4856	0.957047
	 4857	0.444356
	 4858	-0.0450684
	 4859	-0.177937
	 4860	2.55202
	 4861	0.313039
	 4862	0.385611
	 4863	0.267509
	 4864	3.45638
	 4865	0.408369
	 4866	-0.174793
	 4867	0.589412
	 4868	0.802289
	 4869	0.996956
	 4870	-0.152451
	 4871	-0.405549
	 4872	0.377343
	 4873	-2.37173
	 4874	0.333839
	 4875	0.210451
	 4876	-1.07805
	 4877	-0.70971
	 4878	0.536404
	 4879	0.436006
	 4880	0.135557
	 4881	1.07482
	 4882	-0.89581
	 4883	-0.595106
	 4884	-1.23708
	 4885	-0.450726
	 4886	-0.845297
	 4887	-0.969399
	 4888	-0.788396
	 4889	-0.620385
	 4890	-0.578583
	 4891	-0.710856
	 4892	-1.30654
	 4893	-0.374836
	 4894	-0.330133
	 4895	-0.820962
	 4896	0.00482922
	 4897	-1.56368
	 4898	-0.76685
	 4899	-1.1466
	 4900	-0.389931
	 4901	-1.02331
	 4902	-0.15727
	 4903	0.431338
	 4904	0.107103
	 4905	0.380959
	 4906	-0.44832
	 4907	0.52062
	 4908	0.0883736
	 4909	-0.0943613
	 4910	-0.812614
	 4911	-0.118292
	 4912	-0.665064
	 4913	-1.22581
	 4914	-0.410249
	 4915	0.32392
	 4916	-2.47437
	 4917	-0.878612
	 4918	-0.446855
	 4919	-1.48149
	 4920	-0.543497
	 4921	-1.67053
	 4922	-0.711033
	 4923	-0.60825
	 4924	-0.173669
	 4925	-1.3963
	 4926	-3.5878
	 4927	0.159763
	 4928	-0.307366
	 4929	-0.639484
	 4930	0.551162
	 4931	0.439521
	 4932	2.71203
	 4933	-0.537941
	 4934	0.24267
	 4935	1.25399
	 4936	-0.366332
	 4937	-0.138904
	 4938	0.774569
	 4939	0.467715
	 4940	-0.99009
	 4941	0.466922
	 4942	0.0298849
	 4943	1.98152
	 4944	-0.121051
	 4945	-0.563924
	 4946	1.16015
	 4947	0.616572
	 4948	-0.440372
	 4949	-0.349914
	 4950	1.86329
	 4951	0.695732
	 4952	-2.60038
	 4953	0.0218988
	 4954	0.234856
	 4955	-0.78509
	 4956	0.0900699
	 4957	1.17803
	 4958	-0.795884
	 4959	-0.423031
	 4960	-1.17779
	 4961	0.103161
	 4962	-0.568456
	 4963	-1.50237
	 4964	-0.4529
	 4965	0.243945
	 4966	-1.18958
	 4967	-0.570877
	 4968	-0.353467
	 4969	-0.562169
	 4970	-0.403597
	 4971	-0.429987
	 4972	-1.18885
	 4973	-0.114436
	 4974	-0.233681
	 4975	-0.723296
	 4976	-0.271425
	 4977	-0.136857
	 4978	2.53462
	 4979	0.542032
	 4980	-1.54183
	 4981	0.47764
	 4982	-0.0415785
	 4983	-1.12636
	 4984	-0.0704769
	 4985	0.1024
	 4986	-0.706456
	 4987	0.490282
	 4988	-0.158125
	 4989	-1.05156
	 4990	0.643424
	 4991	-1.56479
	 4992	-0.285209
	 4993	-0.567999
	 4994	0.230925
	 4995	-0.013415
	 4996	-1.34776
	 4997	1.00799
	 4998	-0.663141
	 4999	0.170563
	 5000	1.60111
	 5001	-0.789109
	 5002	-1.0625
	 5003	-0.210758
	 5004	0.651019
	 5005	0.0929038
	 5006	-0.877221
	 5007	-0.425981
	 5008	0.109779
	 5009	-1.76066
	 5010	-0.35258
	 5011	-1.1097
	 5012	-2.47648
	 5013	-0.221497
	 5014	-1.71624
	 5015	-0.49652
	 5016	-1.00252
	 5017	-0.670993
	 5018	-3.49679
	 5019	-0.233727
	 5020	0.236928
	 5021	2.04058
	 5022	0.45805
	 5023	-0.297266
	 5024	-0.871458
	 5025	-1.0484
	 5026	4.83584
	 5027	0.0422876
	 5028	-0.115388
	 5029	-2.53851
	 5030	-1.35981
	 5031	0.287899
	 5032	-0.618099
	 5033	-1.38791
	 5034	-0.41915
	 5035	-0.126229
	 5036	-0.408906
	 5037	-0.403662
	 5038	-1.41824
	 5039	-0.547014
	 5040	-0.375881
	 5041	-0.827942
	 5042	-0.938486
	 5043	-0.983912
	 5044	-0.279185
	 5045	-0.459962
	 5046	-0.524225
	 5047	-0.0687734
	 5048	-0.514299
	 5049	-0.328945
	 5050	0.125945
	 5051	0.456452
	 5052	0.616967
	 5053	-4.32005
	 5054	0.059782
	 5055	-8.00876
	 5056	-0.104855
	 5057	0.951518
	 5058	1.01455
	 5059	-0.535297
	 5060	-0.241864
	 5061	-1.2152
	 5062	-0.12782
	 5063	0.0549723
	 5064	-0.223179
	 5065	-0.40081
	 5066	0.101591
	 5067	-1.07516
	 5068	0.268042
	 5069	0.193317
	 5070	-0.70668
	 5071	-0.401828
	 5072	0.390086
	 5073	-0.323107
	 5074	-0.790203
	 5075	-1.00411
	 5076	1.44886
	 5077	-0.17129
	 5078	0.173892
	 5079	-12.1995
	 5080	-0.0109777
	 5081	0.459363
	 5082	0.314455
	 5083	-0.755122
	 5084	-1.03908
	 5085	-0.746365
	 5086	0.364262
	 5087	-0.334339
	 5088	0.02969
	 5089	-0.754321
	 5090	-0.766749
	 5091	-0.779008
	 5092	0.600604
	 5093	0.494359
	 5094	1.08757
	 5095	0.311173
	 5096	-0.794894
	 5097	0.171421
	 5098	-0.235442
	 5099	3.91619
	 5100	-0.390537
	 5101	-0.321763
	 5102	0.0724805
	 5103	0.0373528
	 5104	0.777488
	 5105	0.560552
	 5106	0.34143
	 5107	0.713896
	 5108	1.85448
	 5109	0.236258
	 5110	0.39566
	 5111	0.388287
	 5112	1.8883
	 5113	0.400288
	 5114	-0.0373814
	 5115	0.612669
	 5116	0.445194
	 5117	-0.167488
	 5118	2.10327
	 5119	0.354218
