0
-8.24807e-07
4.5614e-06
3.23145e-05
4.12297e-05
-2.198e-05
-7.99555e-05
-3.18585e-05
-5.66797e-06
-0.000175059
-0.000313399
-2.66471e-05
0.000474646
0.000508547
7.27828e-05
-9.27097e-10
0.000458384
0.000350681
-0.000835454
-0.00167426
-0.000818866
0.00056328
0.000485007
-0.000339642
0.000519853
0.00263079
0.00254615
-0.00055986
-0.00278325
-0.0015199
-1.3964e-23
-0.00178371
-0.00383459
-0.000906146
0.0048462
0.00589672
0.00137462
-0.00106182
0.00179736
0.00248213
-0.00430622
-0.0105516
-0.00634075
0.00322325
0.00513561
6.37812e-09
0.00124062
0.0108484
0.0128235
-0.000924743
-0.0142088
-0.0105846
-0.000468846
-0.00372371
-0.0137761
-0.00591367
0.0188243
0.0285391
0.00988389
-0.00781565
-1.25109e-08
0.00918406
-0.0136648
-0.0465388
-0.0363505
0.0135992
0.0380176
0.01246
0.00192876
0.0545584
0.094248
0.0082115
-0.162412
-0.220242
-0.0537835
0.188541
0.253251
0.0846895
-0.118306
-0.157229
-0.054651
0.0279444
0.0184633
-0.0101607
0.0124505
0.0512008
0.0407645
-0.00744964
-0.0310477
-0.0143198
1.11829e-22
-0.0122094
-0.0225433
-0.00459469
0.0212726
0.0224797
0.00456396
-0.00307785
0.0045581
0.00551693
-0.00840131
-0.0180918
-0.00956403
0.00428006
0.00600646
-6.57216e-09
0.00112632
0.00867582
0.00903008
-0.000573014
-0.00774054
-0.00506361
-0.000196685
-0.00136755
-0.00442022
-0.00165391
0.00457654
0.00601277
0.00179815
-0.00122279
5.02631e-09
0.0010471
-0.00131813
-0.00377078
-0.00245308
0.000756743
0.0017236
0.000453551
5.53498e-05
0.00120569
0.00155436
9.66721e-05
-0.00127433
-0.00101899
-0.000109465
-1.05009e-09
-0.000391429
-0.000225516
0.000403257
0.000603094
0.000218274
-0.000109817
-6.8084e-05
3.3623e-05
-3.52941e-05
-0.000117936
-7.14543e-05
9.08969e-06
2.30348e-05
5.07816e-06
-2.93739e-27
